SYMBOL, SERIES, DATE1, PREV_CLOSE, OPEN_PRICE, HIGH_PRICE, LOW_PRICE, LAST_PRICE, CLOSE_PRICE, AVG_PRICE, TTL_TRD_QNTY, TURNOVER_LACS, NO_OF_TRADES, DELIV_QTY,DELIV_PER
1018GS2026, GS, 14-Jul-2026,103.5,104.12,104.12,104.12,104.12,104.12,104.12,52,0.05,3, 52, 100.00
20MICRONS, EQ, 14-Jul-2026,202.45,202.0,209.4,197.73,205.0,205.3,205.02,311208,638.04,6184, 122188, 39.26
21STCENMGM, EQ, 14-Jul-2026,31.33,31.9,31.95,31.02,31.94,31.85,31.92,7035,2.25,38, 6806, 96.74
360ONE, EQ, 14-Jul-2026,1118.0,1107.0,1112.6,1086.2,1097.7,1098.8,1097.57,1524014,16727.09,36055, 909177, 59.66
3BBLACKBIO, EQ, 14-Jul-2026,1215.1,1215.1,1215.1,1153.7,1182.0,1182.6,1178.87,23719,279.62,2982, 11527, 48.60
3IINFOLTD, EQ, 14-Jul-2026,18.68,18.65,18.83,18.0,18.03,18.19,18.29,232910,42.61,1083, 148390, 63.71
3MINDIA, EQ, 14-Jul-2026,36430.0,36000.0,36690.0,36000.0,36610.0,36540.0,36318.96,6617,2403.23,3278, 2946, 44.52
3PLAND, EQ, 14-Jul-2026,32.65,32.75,32.75,31.7,31.85,31.84,32.25,3870,1.25,55, 2976, 76.90
574GS2026, GS, 14-Jul-2026,100.01,100.15,100.15,100.1,100.1,100.1,100.11,3950,3.95,12, 3950, 100.00
5PAISA, EQ, 14-Jul-2026,370.7,369.0,389.5,367.6,381.3,384.95,380.5,125767,478.54,3637, 69156, 54.99
601GS2030, GS, 14-Jul-2026,99.46,99.46,99.46,99.46,99.46,99.46,99.46,200,0.2,2, 200, 100.00
610GS2031, GS, 14-Jul-2026,100.0,99.75,99.75,99.75,99.75,99.75,99.75,1,0.0,1, 1, 100.00
619GS2034, GS, 14-Jul-2026,98.75,98.75,98.75,98.75,98.75,98.75,98.75,1999,1.97,1, 1999, 100.00
633GS2035, GS, 14-Jul-2026,99.0,98.2,98.4,98.0,98.4,98.4,98.33,12000,11.8,3, 11999, 99.99
636GS2031, GS, 14-Jul-2026,100.7,100.7,100.7,100.7,100.7,100.7,100.7,100,0.1,1, 100, 100.00
63MOONS, EQ, 14-Jul-2026,734.2,734.0,749.8,713.0,726.0,721.8,727.94,348228,2534.88,12191, 106955, 30.71
648GS2035, GS, 14-Jul-2026,99.0,100.0,100.0,98.01,98.5,98.5,99.49,681,0.68,6, 581, 85.32
667GS2035, GS, 14-Jul-2026,114.72,108.99,108.99,108.99,108.99,108.99,108.99,6000,6.54,2, 0, 0.00
668GS2033, GS, 14-Jul-2026,102.0,101.95,101.95,101.8,101.8,101.8,101.8,301,0.31,4, 301, 100.00
668GS2040, GS, 14-Jul-2026,98.98,99.0,99.0,98.85,98.85,98.85,98.91,2500,2.47,3, 2500, 100.00
676GS2061, GS, 14-Jul-2026,94.05,93.71,93.71,93.0,93.24,93.21,93.18,61579,57.38,32, 41569, 67.51
68GS2060, GS, 14-Jul-2026,93.74,92.01,92.01,92.0,92.0,92.0,92.0,200,0.18,3, 200, 100.00
690GS2065, GS, 14-Jul-2026,94.75,94.75,94.75,94.63,94.63,94.63,94.75,1020,0.97,3, 1020, 100.00
692GS2039, GS, 14-Jul-2026,99.26,99.26,99.37,99.15,99.37,99.37,99.28,9548,9.48,4, 9548, 100.00
694GS2036, GS, 14-Jul-2026,102.34,103.0,103.0,102.5,102.5,102.5,102.51,10350,10.61,4, 10350, 100.00
695GS2061, GS, 14-Jul-2026,95.0,95.0,95.0,95.0,95.0,95.0,95.0,3000,2.85,1, 3000, 100.00
698GR2054, GS, 14-Jul-2026,93.0,96.15,96.15,95.0,96.15,96.15,96.01,6078,5.84,5, 6078, 100.00
699GS2051, GS, 14-Jul-2026,97.0,98.5,98.5,98.5,98.5,98.5,98.5,33,0.03,2, 33, 100.00
702GS2027, GS, 14-Jul-2026,101.0,101.9,101.9,101.9,101.9,101.9,101.9,357,0.36,1, 357, 100.00
704GS2029, GS, 14-Jul-2026,102.9,102.75,102.75,102.75,102.75,102.75,102.75,800,0.82,1, 800, 100.00
706GS2028, GS, 14-Jul-2026,102.99,102.5,102.5,102.31,102.31,102.31,102.44,1600,1.64,3, 1600, 100.00
709GS2054, GS, 14-Jul-2026,99.94,99.95,99.95,99.1,99.7,99.7,99.79,25985,25.93,28, 25975, 99.96
709GS2074, GS, 14-Jul-2026,96.4,96.4,96.4,95.8,96.27,96.2,96.23,13139,12.64,21, 12975, 98.75
710GS2029, GS, 14-Jul-2026,103.31,103.3,103.9,103.3,103.5,103.5,103.45,7307,7.56,9, 7300, 99.90
718GS2033, GS, 14-Jul-2026,105.6,106.5,106.5,104.37,104.37,105.03,105.61,1000,1.06,4, 1000, 100.00
718GS2037, GS, 14-Jul-2026,106.0,105.3,105.9,105.1,105.34,105.58,105.4,188978,199.19,91, 156780, 82.96
723GS2039, GS, 14-Jul-2026,104.4,104.4,104.4,104.4,104.4,104.4,104.4,4999,5.22,2, 4999, 100.00
724GS2055, GS, 14-Jul-2026,101.8,101.8,101.8,101.4,101.4,101.47,101.64,100069,101.71,40, 73410, 73.36
725GS2063, GS, 14-Jul-2026,98.07,98.0,98.14,97.68,97.68,97.73,97.97,258230,252.99,65, 249580, 96.65
726GS2029, GS, 14-Jul-2026,104.24,100.31,100.55,100.31,100.55,100.55,100.43,20,0.02,2, 10, 50.00
726GS2032, GS, 14-Jul-2026,107.4,106.0,106.0,106.0,106.0,106.0,106.0,110,0.12,1, 110, 100.00
732GS2030, GS, 14-Jul-2026,104.55,104.54,105.0,104.54,105.0,104.54,104.55,7793,8.15,5, 7793, 100.00
733GS2026, GS, 14-Jul-2026,101.24,101.26,101.26,101.25,101.25,101.25,101.25,304,0.31,3, 300, 98.68
734GS2064, GS, 14-Jul-2026,99.94,99.9,99.98,99.7,99.8,99.79,99.8,107136,106.93,60, 103521, 96.63
737GS2028, GS, 14-Jul-2026,103.99,103.5,103.8,103.5,103.8,103.8,103.5,4450,4.61,4, 4400, 98.88
738GS2027, GS, 14-Jul-2026,101.96,101.7,102.0,101.45,101.79,101.62,101.8,254171,258.76,47, 205621, 80.90
73GS2053, GS, 14-Jul-2026,99.95,100.5,100.5,99.81,99.95,99.95,99.94,10805,10.8,8, 10801, 99.96
741GS2036, GS, 14-Jul-2026,105.65,105.65,105.65,104.4,104.4,104.4,104.5,12312,12.87,15, 12312, 100.00
743GS2076, GS, 14-Jul-2026,104.2,104.45,104.45,103.1,103.1,103.1,104.17,973,1.01,2, 973, 100.00
746GS2073, GS, 14-Jul-2026,101.7,101.5,101.5,101.2,101.2,101.2,101.42,6180,6.27,7, 6180, 100.00
74GS2035, GS, 14-Jul-2026,105.95,105.95,105.95,105.95,105.95,105.95,105.95,45,0.05,1, 45, 100.00
74GS2062, GS, 14-Jul-2026,102.49,102.7,102.7,101.11,102.0,102.0,101.58,46,0.05,9, 30, 65.22
750GS2056, GS, 14-Jul-2026,102.7,102.7,102.7,102.7,102.7,102.7,102.7,150,0.15,1, 150, 100.00
754GS2036, GS, 14-Jul-2026,106.81,106.83,106.83,106.4,106.4,106.47,106.56,281694,300.18,184, 280824, 99.69
771GS2066, GS, 14-Jul-2026,104.95,104.95,105.75,104.0,105.75,105.25,105.23,29607,31.15,29, 29606, 100.00
772GS2049, GS, 14-Jul-2026,111.49,111.0,111.0,111.0,111.0,111.0,111.0,47,0.05,2, 47, 100.00
772GS2055, GS, 14-Jul-2026,103.15,106.4,108.0,103.6,103.6,103.6,106.53,101,0.11,5, 81, 80.20
833GS2036, GS, 14-Jul-2026,108.9,108.5,108.5,108.5,108.5,108.5,108.5,4,0.0,1, 4, 100.00
897GS2030, GS, 14-Jul-2026,109.97,110.59,110.59,108.32,109.48,109.47,108.71,25642,27.87,97, 18173, 70.87
92GS2030, GS, 14-Jul-2026,114.97,112.2,114.88,112.2,114.88,114.88,114.84,6572,7.55,5, 6572, 100.00
A2ZINFRA, EQ, 14-Jul-2026,13.15,13.15,14.46,13.15,13.94,14.01,13.74,322842,44.35,599, 285717, 88.50
AAATECH, EQ, 14-Jul-2026,95.04,95.19,95.96,94.4,95.96,94.84,94.81,18451,17.49,908, 12398, 67.19
AADHARHFC, EQ, 14-Jul-2026,535.9,534.05,534.05,517.0,517.9,518.95,522.89,243257,1271.96,13636, 118951, 48.90
AAKAAR, SM, 14-Jul-2026,67.6,70.95,70.95,70.95,70.95,70.95,70.95,16000,11.35,10, 16000, 100.00
AAKASH, EQ, 14-Jul-2026,9.59,9.84,9.84,9.02,9.4,9.18,9.43,193168,18.21,711, 114905, 59.48
AAREYDRUGS, BE, 14-Jul-2026,81.18,79.56,79.56,79.56,79.56,79.56,79.56,5880,4.68,22, -, -
AARNAV, EQ, 14-Jul-2026,24.98,24.99,26.49,24.99,26.0,26.14,25.83,25152,6.5,198, 19615, 77.99
AARON, EQ, 14-Jul-2026,118.77,119.5,119.5,115.5,117.43,116.32,116.54,8237,9.6,236, 6930, 84.13
AARTECH, BE, 14-Jul-2026,48.57,48.0,48.5,47.0,47.5,47.47,47.61,17011,8.1,161, -, -
AARTIDRUGS, EQ, 14-Jul-2026,395.7,396.1,413.9,395.9,405.55,405.7,407.57,553563,2256.18,15918, 244380, 44.15
AARTIIND, EQ, 14-Jul-2026,484.3,480.8,491.95,478.35,482.0,483.05,485.05,520204,2523.23,20345, 204923, 39.39
AARTIPHARM, EQ, 14-Jul-2026,717.8,717.8,735.0,705.05,712.6,709.75,721.08,167804,1210.01,13630, 69810, 41.60
AARTISURF, EQ, 14-Jul-2026,385.35,380.0,386.65,378.05,378.2,378.9,381.77,11209,42.79,408, 9590, 85.56
AARVI, EQ, 14-Jul-2026,152.62,155.0,155.0,148.16,149.05,150.74,150.62,17626,26.55,626, 12628, 71.64
AASTHA, BE, 14-Jul-2026,129.01,135.45,135.46,135.45,135.46,135.45,135.45,1138381,1541.97,3346, -, -
AAVAS, EQ, 14-Jul-2026,1498.4,1495.0,1495.1,1439.9,1446.0,1447.5,1456.47,66824,973.27,11460, 34169, 51.13
ABAN, BE, 14-Jul-2026,14.14,14.16,14.84,14.16,14.84,14.81,14.76,99739,14.73,441, -, -
ABANSENT, BE, 14-Jul-2026,28.06,27.01,28.34,27.01,27.9,27.9,27.81,2319,0.64,30, -, -
ABB, EQ, 14-Jul-2026,6807.0,6778.5,6920.0,6744.0,6920.0,6892.0,6846.46,187662,12848.2,22671, 86931, 46.32
ABBOTINDIA, EQ, 14-Jul-2026,27395.0,27415.0,27570.0,27225.0,27470.0,27500.0,27415.13,20023,5489.33,4337, 16233, 81.07
ABCAPITAL, EQ, 14-Jul-2026,407.45,404.0,404.6,392.1,399.0,399.25,396.34,5398809,21397.7,62360, 2740967, 50.77
ABCOTS, EQ, 14-Jul-2026,208.31,209.94,209.94,206.2,207.9,208.01,208.31,13476,28.07,592, 6483, 48.11
ABDL, EQ, 14-Jul-2026,626.25,624.0,628.8,613.0,621.0,622.25,619.45,618174,3829.27,19604, 327300, 52.95
ABFRL, EQ, 14-Jul-2026,60.51,60.16,60.3,58.85,59.11,58.93,59.36,2142900,1272.02,10126, 1272570, 59.39
ABGSEC, EQ, 14-Jul-2026,114.0,114.0,115.09,113.95,115.08,115.08,114.65,775,0.89,13, 473, 61.03
ABHAPOWER, SM, 14-Jul-2026,26.55,25.3,26.0,25.0,26.0,25.95,25.4,11200,2.84,7, 8000, 71.43
ABINFRA, EQ, 14-Jul-2026,10.24,10.25,10.3,10.09,10.16,10.2,10.15,853115,86.62,1543, 256030, 30.01
ABLBL, EQ, 14-Jul-2026,99.24,99.19,99.19,96.85,97.2,97.24,97.63,284336,277.61,4898, 153248, 53.90
ABMKNO, EQ, 14-Jul-2026,205.1,207.99,210.0,204.0,205.5,208.87,208.34,2728,5.68,79, 2632, 96.48
ABREL, EQ, 14-Jul-2026,1436.6,1434.0,1438.0,1406.0,1422.0,1422.5,1423.13,104200,1482.91,7975, 48317, 46.37
ABSL10BANK, EQ, 14-Jul-2026,174.4,173.25,173.25,171.57,172.74,172.74,172.58,2934,5.06,21, 2861, 97.51
ABSLAMC, EQ, 14-Jul-2026,1173.7,1177.5,1179.7,1129.5,1144.9,1143.6,1146.92,212678,2439.24,22275, 120066, 56.45
ABSLBANETF, EQ, 14-Jul-2026,59.5,58.95,59.42,58.73,58.74,58.79,58.9,17975,10.59,297, 9972, 55.48
ABSLLIQUID, EQ, 14-Jul-2026,1000.01,1000.0,1000.01,999.99,1000.0,999.99,1000.0,888,8.88,16, 821, 92.45
ABSLMSCIN, EQ, 14-Jul-2026,29.59,29.73,29.79,29.36,29.79,29.68,29.45,327,0.1,14, 316, 96.64
ABSLNN50ET, EQ, 14-Jul-2026,75.73,75.15,75.6,74.97,75.3,75.31,75.35,4802,3.62,150, 3435, 71.53
ABSLPSE, EQ, 14-Jul-2026,10.34,10.35,10.39,10.24,10.39,10.25,10.27,101255,10.4,329, 83402, 82.37
ABSMARINE, ST, 14-Jul-2026,233.5,233.95,233.95,228.15,230.05,231.3,230.1,11000,25.31,22, 9500, 86.36
ACC, EQ, 14-Jul-2026,1378.8,1374.8,1381.0,1357.8,1362.0,1361.9,1365.85,77359,1056.61,8021, 34487, 44.58
ACCELYA, EQ, 14-Jul-2026,1130.9,1130.9,1134.9,1100.0,1101.5,1108.8,1114.78,7533,83.98,1042, 4702, 62.42
ACCENTMIC, SM, 14-Jul-2026,524.45,519.9,524.0,512.1,517.0,516.6,518.04,26000,134.69,46, 18000, 69.23
ACCORD, ST, 14-Jul-2026,202.5,206.55,206.55,206.55,206.55,206.55,206.55,4000,8.26,2, 4000, 100.00
ACCPL, ST, 14-Jul-2026,155.5,154.2,158.0,154.2,158.0,157.1,155.32,9600,14.91,7, 9600, 100.00
ACCURACY, BE, 14-Jul-2026,5.14,5.12,5.28,5.06,5.19,5.15,5.15,40692,2.1,141, -, -
ACE, EQ, 14-Jul-2026,985.7,981.0,989.0,962.0,966.9,964.4,973.69,182754,1779.45,10118, 106397, 58.22
ACEINTEG, EQ, 14-Jul-2026,20.69,20.21,21.4,20.21,21.0,21.0,21.17,978,0.21,23, 971, 99.28
ACI, EQ, 14-Jul-2026,529.25,529.25,540.5,522.0,534.8,534.95,531.64,188095,999.98,12354, 99931, 53.13
ACL, EQ, 14-Jul-2026,49.4,49.4,49.96,49.0,49.36,49.35,49.25,5772,2.84,139, 3990, 69.13
ACMESOLAR, EQ, 14-Jul-2026,378.8,376.95,398.65,373.05,385.0,384.6,386.83,4243979,16416.84,64132, 2036417, 47.98
ACSTECH, EQ, 14-Jul-2026,44.39,46.38,46.38,44.12,45.5,45.31,45.44,350590,159.3,1687, 176670, 50.39
ACTIVEINFR, SM, 14-Jul-2026,178.3,178.2,178.2,178.2,178.2,178.2,178.2,600,1.07,1, 600, 100.00
ACUTAAS, EQ, 14-Jul-2026,3495.2,3472.0,3535.0,3450.0,3470.0,3459.7,3483.75,173273,6036.41,20012, 91538, 52.83
ADANIENSOL, EQ, 14-Jul-2026,1644.6,1644.1,1713.9,1636.6,1688.8,1690.3,1681.95,2237295,37630.19,68844, 554341, 24.78
ADANIENT, EQ, 14-Jul-2026,3177.5,3169.9,3219.7,3145.0,3177.0,3188.9,3185.53,1932879,61572.44,75272, 653783, 33.82
ADANIGREEN, EQ, 14-Jul-2026,1546.5,1545.0,1631.5,1533.0,1604.0,1604.5,1595.19,4833988,77111.21,109807, 1188021, 24.58
ADANIPORTS, EQ, 14-Jul-2026,1810.3,1819.3,1840.9,1808.6,1820.0,1821.9,1821.97,1636778,29821.55,71788, 697921, 42.64
ADANIPOWER, EQ, 14-Jul-2026,215.46,216.35,228.94,216.3,225.98,226.17,224.35,55601636,124741.72,251028, 14818161, 26.65
ADDICTIVE, SM, 14-Jul-2026,41.35,43.35,43.35,40.55,42.45,42.05,41.7,6500,2.71,11, 5000, 76.92
ADFFOODS, EQ, 14-Jul-2026,319.45,315.4,321.95,307.3,310.9,312.55,313.48,149753,469.44,5233, 79268, 52.93
ADISOFT, SM, 14-Jul-2026,196.45,199.0,204.6,194.0,198.0,198.15,200.09,95200,190.48,105, 55200, 57.98
ADL, EQ, 14-Jul-2026,69.01,70.0,72.4,67.2,72.4,70.81,69.57,408,0.28,28, 352, 86.27
ADOR, EQ, 14-Jul-2026,1333.0,1320.0,1339.0,1302.3,1319.0,1316.1,1319.07,33489,441.74,3172, 17580, 52.49
ADROITINFO, EQ, 14-Jul-2026,8.99,8.95,9.25,8.36,8.92,8.93,8.69,21272,1.85,170, 10908, 51.28
ADSL, EQ, 14-Jul-2026,125.74,124.0,126.85,122.34,122.56,123.1,123.86,136475,169.04,2470, 48688, 35.68
ADVAIT, EQ, 14-Jul-2026,2184.3,2170.0,2171.3,2116.0,2130.0,2132.1,2136.99,27117,579.49,4440, 14349, 52.92
ADVANCE, EQ, 14-Jul-2026,113.67,114.81,114.81,109.7,109.7,110.15,111.9,158678,177.56,1734, 93390, 58.86
ADVANIHOTR, EQ, 14-Jul-2026,52.86,52.86,52.86,52.03,52.3,52.41,52.42,17507,9.18,485, 12153, 69.42
ADVENTHTL, EQ, 14-Jul-2026,151.47,151.0,152.68,146.7,149.41,149.13,149.79,162938,244.07,3540, 65994, 40.50
ADVENZYMES, EQ, 14-Jul-2026,331.45,333.0,333.0,321.65,323.0,324.15,325.18,182239,592.6,5528, 112459, 61.71
AEGISLOG, EQ, 14-Jul-2026,1293.6,1289.9,1303.3,1164.4,1222.0,1222.5,1235.29,1730718,21379.42,56962, 488831, 28.24
AEGISVOPAK, EQ, 14-Jul-2026,303.3,302.83,304.7,277.25,281.3,280.64,288.33,3344209,9642.41,56951, 1240143, 37.08
AEPL, EQ, 14-Jul-2026,16.78,16.78,16.78,15.9,16.4,16.04,16.27,9965,1.62,83, 9371, 94.04
AEQUS, EQ, 14-Jul-2026,244.69,244.7,248.9,235.8,244.35,242.58,241.87,4177338,10103.57,39695, 1379384, 33.02
AEROENTER, EQ, 14-Jul-2026,120.97,120.43,125.0,117.84,121.8,121.19,120.85,818334,988.93,10773, 368932, 45.08
AEROFLEX, EQ, 14-Jul-2026,421.5,418.0,421.4,406.0,409.0,410.9,412.52,788965,3254.66,13733, 281557, 35.69
AERON, SM, 14-Jul-2026,83.0,83.0,84.35,82.75,82.75,82.75,83.49,5000,4.17,4, 4000, 80.00
AERONEU, EQ, 14-Jul-2026,88.34,88.34,90.0,86.5,87.84,87.17,88.09,51382,45.26,874, 7084, 13.79
AETHER, EQ, 14-Jul-2026,1452.8,1440.1,1478.6,1432.7,1444.0,1439.9,1455.86,143734,2092.57,14425, 50920, 35.43
AFCONS, EQ, 14-Jul-2026,299.0,299.0,299.0,290.95,291.0,292.7,294.15,365190,1074.22,8294, 209482, 57.36
AFFLE, EQ, 14-Jul-2026,1539.3,1536.8,1574.7,1506.3,1518.9,1517.0,1543.01,355832,5490.54,35072, 128204, 36.03
AFFORDABLE, BE, 14-Jul-2026,181.99,181.99,191.08,181.0,191.08,191.08,189.9,28346,53.83,346, -, -
AFIL, BE, 14-Jul-2026,9.53,9.57,9.8,9.21,9.45,9.42,9.39,820773,77.05,480, -, -
AFSL, EQ, 14-Jul-2026,202.28,202.28,202.28,201.0,201.0,201.03,201.21,5328,10.72,118, 3515, 65.97
AGARIND, EQ, 14-Jul-2026,527.5,529.55,547.6,520.0,520.1,527.0,533.53,67154,358.29,3335, 28786, 42.87
AGARWALEYE, EQ, 14-Jul-2026,497.85,497.05,505.0,485.5,487.0,490.7,493.9,94197,465.24,11311, 42582, 45.21
AGARWALTUF, SM, 14-Jul-2026,144.2,146.0,147.5,143.9,147.5,146.6,145.85,24000,35.0,20, 18000, 75.00
AGI, EQ, 14-Jul-2026,698.1,689.55,695.95,681.7,684.6,683.35,685.98,74719,512.56,3265, 52681, 70.51
AGIIL, EQ, 14-Jul-2026,349.2,348.7,350.1,340.3,342.9,343.35,346.97,3451624,11976.0,11498, 1030979, 29.87
AGL, BE, 14-Jul-2026,15.39,14.63,14.63,14.63,14.63,14.63,14.63,1034537,151.35,669, -, -
AGNI, SM, 14-Jul-2026,17.45,17.45,17.9,17.05,17.8,17.8,17.5,17500,3.06,7, 10000, 57.14
AGRITECH, BE, 14-Jul-2026,112.83,112.9,114.5,111.0,111.0,111.17,112.41,2189,2.46,46, -, -
AGROPHOS, EQ, 14-Jul-2026,30.28,30.59,30.59,29.0,29.55,29.77,29.63,16096,4.77,153, 9727, 60.43
AHCL, EQ, 14-Jul-2026,15.39,15.29,15.47,14.99,15.07,15.05,15.15,3277859,496.53,4217, 2083831, 63.57
AHLADA, EQ, 14-Jul-2026,38.56,39.25,39.25,37.9,38.49,38.48,38.51,4882,1.88,83, 3929, 80.48
AHLEAST, EQ, 14-Jul-2026,142.32,143.5,147.99,141.05,143.0,144.77,144.98,2694,3.91,62, 2169, 80.51
AHLUCONT, EQ, 14-Jul-2026,861.6,861.6,861.6,838.45,844.0,843.85,843.96,24199,204.23,3686, 13850, 57.23
AHLWEST, BE, 14-Jul-2026,575.0,575.0,585.0,562.25,568.0,568.55,569.91,570,3.25,19, -, -
AIAENG, EQ, 14-Jul-2026,4732.0,4732.0,4780.0,4674.0,4775.0,4760.0,4737.65,47518,2251.24,9172, 27647, 58.18
AIIL, EQ, 14-Jul-2026,520.0,514.0,517.45,504.0,505.0,511.05,512.5,81314,416.74,6021, 35050, 43.10
AILIMITED, ST, 14-Jul-2026,39.15,41.1,41.1,37.2,37.2,37.2,39.15,9000,3.52,6, 7500, 83.33
AIMTRON, SM, 14-Jul-2026,1371.05,1371.0,1480.0,1365.0,1385.0,1386.4,1404.55,72400,1016.89,323, 38200, 52.76
AIRAN, EQ, 14-Jul-2026,15.72,15.77,16.09,15.53,15.6,15.6,15.65,33425,5.23,161, 24332, 72.80
AIROLAM, EQ, 14-Jul-2026,87.03,90.1,90.99,86.1,88.15,87.03,88.13,2004,1.77,90, 1234, 61.58
AISL, SM, 14-Jul-2026,58.2,56.5,56.5,55.3,55.3,55.3,55.65,4200,2.34,4, 4200, 100.00
AJANTPHARM, EQ, 14-Jul-2026,3421.4,3438.0,3449.4,3352.2,3421.0,3408.8,3407.58,89241,3040.95,18033, 47270, 52.97
AJAXENGG, EQ, 14-Jul-2026,599.7,612.0,625.05,597.35,612.0,607.95,611.81,246892,1510.52,10425, 88157, 35.71
AJMERA, EQ, 14-Jul-2026,136.74,136.5,137.7,134.0,135.25,135.4,135.61,463933,629.13,6291, 185413, 39.97
AJOONI, EQ, 14-Jul-2026,3.67,3.67,3.72,3.6,3.68,3.7,3.67,546579,20.05,630, 342491, 62.66
AKANKSHA, ST, 14-Jul-2026,97.0,96.95,97.0,96.95,97.0,97.0,96.99,4000,3.88,4, 4000, 100.00
AKASH, EQ, 14-Jul-2026,27.2,26.91,27.31,26.56,26.99,26.94,26.71,15150,4.05,93, 12563, 82.92
AKCAPIT, EQ, 14-Jul-2026,1763.3,1750.0,1875.0,1742.6,1875.0,1767.9,1766.11,5538,97.81,549, 4455, 80.44
AKG, EQ, 14-Jul-2026,10.83,11.0,11.12,10.62,10.62,10.74,10.83,10916,1.18,61, 9405, 86.16
AKI, EQ, 14-Jul-2026,4.68,4.7,4.75,4.6,4.6,4.65,4.65,33539,1.56,150, 23145, 69.01
AKIKO, ST, 14-Jul-2026,285.05,286.0,290.95,284.2,285.0,285.0,287.34,12000,34.48,14, 9600, 80.00
AKSHAR, EQ, 14-Jul-2026,0.43,0.44,0.44,0.42,0.43,0.43,0.43,510519,2.2,235, 308655, 60.46
AKSHARCHEM, BE, 14-Jul-2026,230.67,225.0,239.9,223.25,235.0,235.0,232.07,1334,3.1,20, -, -
AKSHOPTFBR, BE, 14-Jul-2026,6.11,5.99,6.0,5.99,6.0,6.0,5.99,162505,9.74,149, -, -
AKUMS, EQ, 14-Jul-2026,683.85,682.0,695.2,672.6,687.0,686.95,683.98,397620,2719.64,24037, 187783, 47.23
ALANKIT, EQ, 14-Jul-2026,8.07,8.01,8.1,8.01,8.05,8.01,8.03,71881,5.77,394, 59097, 82.22
ALBERTDAVD, EQ, 14-Jul-2026,702.3,704.45,709.5,692.7,699.8,696.8,698.85,992,6.93,146, 710, 71.57
ALEMBICLTD, EQ, 14-Jul-2026,89.84,89.45,89.82,88.4,88.7,88.97,89.2,192650,171.84,1472, 120109, 62.35
ALGOQUANT, EQ, 14-Jul-2026,61.32,61.32,62.33,59.41,60.95,60.51,60.87,1042917,634.77,2495, 302671, 29.02
ALICON, EQ, 14-Jul-2026,637.65,637.6,647.2,627.65,643.0,641.15,640.81,5914,37.9,447, 3949, 66.77
ALIVUS, EQ, 14-Jul-2026,1160.0,1158.1,1174.8,1151.3,1165.0,1161.2,1163.39,77318,899.51,7892, 43561, 56.34
ALKALI, BE, 14-Jul-2026,84.0,83.0,85.72,83.0,84.07,84.07,85.32,1311,1.12,29, -, -
ALKEM, EQ, 14-Jul-2026,5567.0,5546.5,5665.0,5515.5,5615.0,5601.5,5596.87,521134,29167.17,51184, 347910, 66.76
ALKYLAMINE, EQ, 14-Jul-2026,1903.5,1903.5,1906.0,1855.4,1862.0,1868.1,1873.03,70904,1328.06,11905, 30387, 42.86
ALLCARGO, EQ, 14-Jul-2026,8.15,8.15,8.16,7.9,7.96,7.96,7.99,3069083,245.25,6604, 1625851, 52.98
ALLDIGI, EQ, 14-Jul-2026,832.85,829.9,832.85,815.0,815.0,816.35,819.83,4866,39.89,475, 3874, 79.61
ALLETEC, ST, 14-Jul-2026,143.9,141.5,141.5,140.0,140.8,140.75,140.66,5600,7.88,12, 5600, 100.00
ALLTIME, EQ, 14-Jul-2026,235.25,240.0,240.0,231.0,236.99,233.69,232.91,54852,127.75,1318, 33589, 61.24
ALMONDZ, EQ, 14-Jul-2026,13.02,13.37,13.37,13.06,13.29,13.23,13.22,18359,2.43,91, 17032, 92.77
ALOKINDS, EQ, 14-Jul-2026,12.79,12.74,12.92,12.52,12.55,12.56,12.7,3612983,458.69,6808, 1789769, 49.54
ALPA, EQ, 14-Jul-2026,68.91,68.91,78.89,68.1,72.9,71.66,73.61,163418,120.3,1844, 45670, 27.95
ALPEXSOLAR, SM, 14-Jul-2026,798.45,798.4,806.95,786.2,802.5,801.25,796.11,41500,330.39,277, 31700, 76.39
ALPHA, EQ, 14-Jul-2026,51.88,52.74,52.74,51.3,51.55,51.57,51.57,737505,380.34,2070, 405840, 55.03
ALPHAETF, EQ, 14-Jul-2026,26.36,26.07,26.36,26.07,26.33,26.3,26.25,292617,76.8,701, 205629, 70.27
ALPHAGEO, EQ, 14-Jul-2026,199.92,202.55,206.88,195.6,201.0,200.33,201.7,6191,12.49,203, 4921, 79.49
ALPL30IETF, EQ, 14-Jul-2026,27.7,27.65,27.69,27.44,27.64,27.56,27.59,220129,60.73,743, 139348, 63.30
ALUWIND, SM, 14-Jul-2026,45.0,47.0,47.5,46.05,47.5,47.5,47.16,12000,5.66,8, 10500, 87.50
AMAGI, EQ, 14-Jul-2026,583.2,583.4,588.85,566.0,576.65,574.95,576.93,91016,525.1,6107, 35769, 39.30
AMANTA, BE, 14-Jul-2026,175.59,172.08,172.08,172.08,172.08,172.08,172.08,8122,13.98,96, -, -
AMBAAUTO, SM, 14-Jul-2026,86.1,84.3,92.9,84.3,88.0,89.75,89.65,78000,69.93,54, 46000, 58.97
AMBALALSA, EQ, 14-Jul-2026,31.38,31.0,31.74,30.9,31.5,31.33,31.23,20079,6.27,237, 14823, 73.82
AMBER, EQ, 14-Jul-2026,7771.0,7748.0,7913.5,7625.5,7770.0,7786.5,7800.52,290692,22675.48,33037, 67968, 23.38
AMBICAAGAR, EQ, 14-Jul-2026,24.66,25.25,25.44,24.3,24.7,24.58,24.56,4003,0.98,31, 3570, 89.18
AMBIKCO, EQ, 14-Jul-2026,1735.2,1720.0,1750.0,1710.0,1723.0,1729.5,1723.48,5381,92.74,714, 2813, 52.28
AMBUJACEM, EQ, 14-Jul-2026,432.15,429.75,436.45,427.2,428.95,429.8,430.42,2665735,11473.97,43432, 1200499, 45.03
AMCL, SM, 14-Jul-2026,388.5,395.0,395.0,370.0,375.7,375.7,375.55,4000,15.02,10, 3200, 80.00
AMDIND, EQ, 14-Jul-2026,45.89,46.87,46.87,45.21,45.4,45.5,45.92,10272,4.72,173, 2936, 28.58
AMIRCHAND, EQ, 14-Jul-2026,179.8,179.8,181.79,170.81,171.0,171.48,175.59,527726,926.63,4441, 400239, 75.84
AMJLAND, EQ, 14-Jul-2026,38.18,37.8,38.84,37.0,37.13,37.28,37.49,12993,4.87,176, 11095, 85.39
AMNPLST, EQ, 14-Jul-2026,206.84,207.87,209.95,202.22,205.5,205.27,205.3,12125,24.89,672, 8346, 68.83
AMRUTANJAN, EQ, 14-Jul-2026,540.45,535.3,544.9,534.0,535.5,536.1,537.09,57220,307.32,1437, 44394, 77.58
ANANDRATHI, EQ, 14-Jul-2026,2117.7,2115.0,2117.7,2071.6,2080.0,2080.8,2083.79,287017,5980.83,17405, 170977, 59.57
ANANTAM, IV, 14-Jul-2026,104.0,105.49,105.49,103.56,103.6,103.94,103.99,13946,14.5,94, 13601, 97.53
ANANTRAJ, EQ, 14-Jul-2026,589.15,583.0,588.85,571.0,572.0,573.65,579.65,1367955,7929.31,29287, 619804, 45.31
ANDHRAPAP, EQ, 14-Jul-2026,61.76,62.4,62.4,61.11,61.23,61.41,61.5,19555,12.03,366, 14350, 73.38
ANDHRSUGAR, EQ, 14-Jul-2026,85.95,85.02,87.89,85.02,85.51,86.3,86.48,227674,196.9,2592, 107912, 47.40
ANGELONE, EQ, 14-Jul-2026,340.25,340.0,340.25,332.2,333.2,333.55,335.16,4844441,16236.53,41202, 1883240, 38.87
ANIKINDS, BE, 14-Jul-2026,44.82,44.0,44.99,42.6,44.82,43.06,43.44,3335,1.45,36, -, -
ANKITMETAL, BZ, 14-Jul-2026,1.47,1.47,1.47,1.4,1.41,1.44,1.42,41832,0.59,47, -, -
ANLON, ST, 14-Jul-2026,634.95,639.95,639.95,639.95,639.95,639.95,639.95,800,5.12,2, 800, 100.00
ANMOL, EQ, 14-Jul-2026,10.93,10.98,11.11,10.9,10.99,10.94,10.98,15883,1.74,82, 13640, 85.88
ANNAPURNA, SM, 14-Jul-2026,133.2,133.0,135.0,129.35,133.05,133.25,132.56,25750,34.14,82, 21750, 84.47
ANONDITA, SM, 14-Jul-2026,1089.25,1081.8,1189.0,1050.0,1179.0,1183.35,1128.33,63800,719.88,272, 41200, 64.58
ANSALAPI, BZ, 14-Jul-2026,2.58,2.63,2.63,2.63,2.63,2.63,2.63,4693,0.12,8, -, -
ANTELOPUS, EQ, 14-Jul-2026,847.6,873.9,889.95,837.6,862.0,860.55,867.94,143314,1243.88,5788, 64833, 45.24
ANTGRAPHIC, EQ, 14-Jul-2026,0.78,0.78,0.79,0.77,0.79,0.78,0.78,62948,0.49,124, 30807, 48.94
ANTHEM, EQ, 14-Jul-2026,747.65,747.0,750.95,744.75,749.9,749.95,749.75,428720,3214.32,33607, 284576, 66.38
ANUHPHR, EQ, 14-Jul-2026,78.77,78.78,80.0,78.68,80.0,79.88,79.51,34390,27.34,1117, 21237, 61.75
ANUP, EQ, 14-Jul-2026,2178.9,2189.0,2211.3,2124.0,2193.0,2175.8,2168.26,31747,688.36,7133, 15055, 47.42
ANURAS, EQ, 14-Jul-2026,1269.7,1260.1,1283.6,1256.0,1263.5,1263.8,1270.22,1047172,13301.36,12629, 523132, 49.96
ANYA, SM, 14-Jul-2026,15.35,15.35,15.6,15.35,15.6,15.6,15.53,35000,5.44,3, 35000, 100.00
AONEGOLD, EQ, 14-Jul-2026,13.25,13.58,13.58,13.08,13.15,13.12,13.13,310185,40.72,1218, 164009, 52.87
AONELIQUID, EQ, 14-Jul-2026,1067.89,1068.05,1068.05,1068.03,1068.05,1068.03,1068.03,16970,181.25,156, 15263, 89.94
AONENIFTY, EQ, 14-Jul-2026,9.97,9.97,9.99,9.89,9.92,9.91,9.93,83707,8.31,941, 52600, 62.84
AONESILVER, EQ, 14-Jul-2026,8.31,8.35,8.38,8.25,8.3,8.29,8.28,647323,53.63,994, 433858, 67.02
AONETMMQ50, EQ, 14-Jul-2026,10.06,10.04,10.16,10.02,10.16,10.11,10.07,178999,18.02,271, 155456, 86.85
AONETOTAL, EQ, 14-Jul-2026,11.87,11.87,11.88,11.78,11.85,11.81,11.82,151741,17.94,1129, 97713, 64.39
APARINDS, EQ, 14-Jul-2026,13847.0,13750.0,13837.0,13500.0,13660.0,13595.0,13596.46,87498,11896.63,21320, 40123, 45.86
APCL, EQ, 14-Jul-2026,105.0,107.99,107.99,102.1,104.1,103.59,103.86,6316,6.56,145, 5678, 89.90
APCOTEXIND, EQ, 14-Jul-2026,519.35,524.35,530.65,512.8,528.3,527.9,524.99,61169,321.13,2869, 31446, 51.41
APEX, EQ, 14-Jul-2026,413.25,409.75,412.8,400.1,402.5,401.75,405.69,114509,464.56,4124, 41840, 36.54
APEXECO, ST, 14-Jul-2026,266.9,280.15,280.15,257.05,272.0,272.0,271.02,6400,17.35,8, 4800, 75.00
APLAPOLLO, EQ, 14-Jul-2026,1828.7,1823.9,1830.8,1795.5,1800.0,1799.0,1809.05,320507,5798.15,29098, 175429, 54.73
APLLTD, EQ, 14-Jul-2026,831.05,820.0,834.75,811.05,823.0,821.15,821.67,122575,1007.16,10868, 35928, 29.31
APOLLO, EQ, 14-Jul-2026,402.85,402.4,412.5,394.6,405.5,405.9,403.82,9302070,37563.2,85185, 1665639, 17.91
APOLLOHOSP, EQ, 14-Jul-2026,8782.5,8750.0,8919.5,8739.0,8910.0,8900.5,8875.94,412508,36613.95,56090, 274987, 66.66
APOLLOPIPE, EQ, 14-Jul-2026,511.35,507.2,517.7,505.1,507.0,508.85,510.13,53615,273.51,2955, 21459, 40.02
APOLLOTYRE, EQ, 14-Jul-2026,440.6,435.25,435.9,421.75,426.95,425.85,427.43,1340483,5729.63,39225, 550201, 41.04
APOLSINHOT, EQ, 14-Jul-2026,1219.7,1238.0,1238.0,1190.0,1192.1,1200.0,1200.61,242,2.91,54, 203, 83.88
APRAMEYA, SM, 14-Jul-2026,146.15,146.0,155.0,146.0,151.05,151.05,152.47,7500,11.44,14, 6000, 80.00
APS, SM, 14-Jul-2026,301.9,301.0,303.0,294.0,294.0,294.6,297.4,20250,60.22,76, 14000, 69.14
APSISAERO, ST, 14-Jul-2026,371.25,378.65,378.65,378.65,378.65,378.65,378.65,1200,4.54,1, 1200, 100.00
APTECHT, BE, 14-Jul-2026,98.93,98.3,99.45,97.3,98.0,98.37,98.36,57493,56.55,550, -, -
APTUS, EQ, 14-Jul-2026,289.5,290.2,291.45,285.0,290.1,290.15,288.4,573581,1654.21,15776, 308893, 53.85
AQYLON, EQ, 14-Jul-2026,39.35,39.4,39.9,37.7,38.5,38.37,39.14,656690,257.01,1748, 464854, 70.79
ARABIAN, SM, 14-Jul-2026,72.5,69.0,69.0,69.0,69.0,69.0,69.0,2000,1.38,1, 2000, 100.00
ARCHIDPLY, EQ, 14-Jul-2026,80.2,80.95,87.0,80.95,81.5,82.22,84.25,24381,20.54,467, 15239, 62.50
ARCHIES, EQ, 14-Jul-2026,14.41,14.7,14.79,14.01,14.12,14.18,14.47,40968,5.93,189, 31312, 76.43
ARCIIL, ST, 14-Jul-2026,42.8,43.0,43.0,40.7,41.85,41.85,41.4,21000,8.69,19, 17000, 80.95
ARE&M, EQ, 14-Jul-2026,909.05,906.8,906.8,882.4,893.0,894.9,893.21,961241,8585.92,68680, 513230, 53.39
ARENTERP, EQ, 14-Jul-2026,36.9,36.5,36.55,34.0,34.0,34.4,35.31,683,0.24,45, 328, 48.02
ARFIN, EQ, 14-Jul-2026,87.15,87.58,87.58,85.75,87.0,86.37,86.31,1577386,1361.45,4034, 47564, 3.02
ARHAM, SM, 14-Jul-2026,140.9,138.15,139.0,138.0,138.0,138.0,138.43,5000,6.92,5, 2000, 40.00
ARIES, EQ, 14-Jul-2026,346.35,342.8,344.9,335.0,343.95,341.3,338.5,62728,212.33,1695, 29981, 47.80
ARIHANT, EQ, 14-Jul-2026,816.65,809.85,819.0,789.5,819.0,808.45,803.44,5343,42.93,216, 4409, 82.52
ARIHANTCAP, EQ, 14-Jul-2026,73.95,73.06,73.43,71.6,72.5,72.27,72.21,79811,57.64,1160, 51468, 64.49
ARIHANTSUP, EQ, 14-Jul-2026,262.9,265.6,269.6,257.0,264.0,264.7,262.65,47769,125.46,700, 39603, 82.91
ARIS, EQ, 14-Jul-2026,109.17,109.17,109.88,106.05,106.82,107.14,107.61,182579,196.48,2600, 102594, 56.19
ARKADE, EQ, 14-Jul-2026,140.85,140.85,143.0,138.0,139.89,138.96,140.5,807150,1134.02,9433, 287491, 35.62
ARMANFIN, EQ, 14-Jul-2026,1965.8,1958.4,2054.7,1935.1,1958.6,1958.6,1996.7,183344,3660.84,19076, 64059, 34.94
ARMOUR, ST, 14-Jul-2026,19.2,18.25,19.2,18.25,18.35,18.35,18.55,20000,3.71,10, 12000, 60.00
AROGRANITE, EQ, 14-Jul-2026,25.7,25.5,25.95,25.05,25.95,25.86,25.75,3232,0.83,46, 2763, 85.49
ARROWGREEN, BE, 14-Jul-2026,695.7,695.0,695.0,670.0,672.0,673.3,674.94,16665,112.48,322, -, -
ARSHIYA, BZ, 14-Jul-2026,1.02,1.05,1.06,1.0,1.03,1.03,1.03,59786,0.62,56, -, -
ARSSBL, EQ, 14-Jul-2026,580.85,581.4,592.6,571.2,587.0,581.25,582.83,837681,4882.25,17970, 351144, 41.92
ARTEMISMED, EQ, 14-Jul-2026,277.4,277.8,284.0,269.5,271.05,271.0,273.73,228278,624.86,9920, 128644, 56.35
ARTNIRMAN, EQ, 14-Jul-2026,41.54,41.58,41.58,39.6,39.81,39.81,39.96,240,0.1,8, 158, 65.83
ARUNAYA, ST, 14-Jul-2026,16.7,16.75,16.95,16.3,16.95,16.9,16.76,14000,2.35,6, 14000, 100.00
ARVEE, EQ, 14-Jul-2026,158.0,163.5,164.38,158.0,159.0,159.0,159.65,138,0.22,20, 96, 69.57
ARVIND, EQ, 14-Jul-2026,544.35,544.0,548.45,535.85,541.0,540.45,540.89,508907,2752.62,23778, 303295, 59.60
ARVINDFASN, EQ, 14-Jul-2026,474.85,473.0,477.75,467.4,473.5,473.3,471.69,317851,1499.28,13260, 192691, 60.62
ARVSMART, EQ, 14-Jul-2026,615.1,619.0,620.0,606.6,606.6,609.8,613.72,26894,165.05,783, 16856, 62.68
ASAHIINDIA, EQ, 14-Jul-2026,924.0,924.0,927.1,909.7,920.2,923.1,918.87,100657,924.9,8333, 58379, 58.00
ASAHISONG, EQ, 14-Jul-2026,283.95,287.0,290.0,275.5,288.8,284.55,284.5,19844,56.46,1033, 9302, 46.88
ASAL, EQ, 14-Jul-2026,523.75,517.05,520.1,509.0,509.0,510.4,512.83,11693,59.97,1026, 6647, 56.85
ASALCBR, EQ, 14-Jul-2026,829.25,815.0,830.0,801.0,805.5,805.1,815.25,31934,260.34,1931, 17245, 54.00
ASHALOG, SM, 14-Jul-2026,54.7,54.75,54.9,54.75,54.9,54.9,54.83,4000,2.19,4, 3000, 75.00
ASHAPURMIN, EQ, 14-Jul-2026,703.5,698.0,715.0,688.25,693.5,691.65,704.03,617906,4350.22,21173, 264866, 42.87
ASHIANA, EQ, 14-Jul-2026,376.0,374.75,379.0,373.6,377.0,377.95,376.65,24790,93.37,1499, 17001, 68.58
ASHIKA, EQ, 14-Jul-2026,399.35,395.15,402.0,391.8,398.9,397.6,397.98,192594,766.48,1809, 65432, 33.97
ASHIMASYN, EQ, 14-Jul-2026,14.85,14.8,15.1,14.71,14.75,14.76,14.82,36153,5.36,272, 27120, 75.01
ASHOKA, EQ, 14-Jul-2026,132.16,131.52,131.95,128.0,128.11,128.46,129.09,625254,807.17,7922, 328436, 52.53
ASHOKAMET, EQ, 14-Jul-2026,14.81,14.81,14.88,14.21,14.61,14.47,14.45,11628,1.68,123, 8032, 69.07
ASHOKLEY, EQ, 14-Jul-2026,159.22,156.5,156.9,153.85,155.11,155.19,154.94,24653297,38198.17,112868, 11476395, 46.55
ASHWINI, SM, 14-Jul-2026,187.0,190.0,204.95,190.0,197.0,200.55,200.33,57000,114.19,51, 13000, 22.81
ASIANENE, EQ, 14-Jul-2026,339.8,344.9,362.5,341.5,355.0,353.55,354.09,517494,1832.4,14546, 192170, 37.13
ASIANHOTNR, EQ, 14-Jul-2026,316.55,316.1,324.05,303.0,303.0,308.15,310.35,25028,77.67,678, 20467, 81.78
ASIANPAINT, EQ, 14-Jul-2026,2652.1,2604.0,2655.9,2579.9,2640.0,2641.0,2639.94,975301,25747.39,82678, 622403, 63.82
ASIANTILES, EQ, 14-Jul-2026,48.43,48.4,50.02,48.0,48.71,48.86,49.19,880081,432.9,5159, 406522, 46.19
ASKAUTOLTD, EQ, 14-Jul-2026,470.35,465.25,472.0,464.0,465.1,465.8,466.73,96832,451.94,6286, 56412, 58.26
ASMS, BE, 14-Jul-2026,7.05,7.02,7.14,7.01,7.11,7.1,7.08,85035,6.02,309, -, -
ASPINWALL, EQ, 14-Jul-2026,251.1,255.0,261.0,250.05,259.98,257.14,255.32,4883,12.47,150, 4349, 89.06
ASTEC, EQ, 14-Jul-2026,686.65,687.0,687.0,681.0,682.95,682.45,682.79,5294,36.15,414, 3030, 57.23
ASTERDM, EQ, 14-Jul-2026,814.9,814.8,821.85,808.55,814.95,813.2,815.35,521771,4254.27,16267, 346615, 66.43
ASTRAL, EQ, 14-Jul-2026,1330.9,1344.4,1378.0,1332.1,1356.9,1358.5,1362.57,956486,13032.76,43502, 281236, 29.40
ASTRAMICRO, EQ, 14-Jul-2026,1719.7,1717.4,1749.0,1668.1,1719.8,1720.0,1709.12,479665,8198.04,32895, 175194, 36.52
ASTRAZEN, EQ, 14-Jul-2026,8291.0,8337.0,8366.0,8162.0,8165.0,8198.5,8250.57,5456,450.15,2188, 2678, 49.08
ASTRON, BE, 14-Jul-2026,3.76,3.85,3.92,3.71,3.72,3.72,3.84,13827,0.53,68, -, -
ATALREAL, EQ, 14-Jul-2026,28.96,29.0,29.32,28.4,28.85,28.99,28.84,7907450,2280.54,6135, 4268278, 53.98
ATAM, EQ, 14-Jul-2026,69.94,70.0,72.4,66.71,68.7,67.91,68.71,12249,8.42,287, 7908, 64.56
ATCENERGY, ST, 14-Jul-2026,23.05,23.05,23.05,23.05,23.05,23.05,23.05,1200,0.28,1, 1200, 100.00
ATGL, EQ, 14-Jul-2026,720.95,719.6,740.45,716.5,722.0,721.6,727.42,3045728,22155.12,56108, 539848, 17.72
ATHERENERG, EQ, 14-Jul-2026,1184.6,1188.4,1207.9,1158.0,1202.0,1201.8,1182.75,3482939,41194.39,127747, 1003745, 28.82
ATL, EQ, 14-Jul-2026,23.59,23.69,24.0,23.26,23.3,23.39,23.54,100518,23.66,640, 67803, 67.45
ATLANTAA, EQ, 14-Jul-2026,39.48,39.7,39.96,38.75,39.1,39.12,39.27,36820,14.46,537, 27233, 73.96
ATLANTAELE, EQ, 14-Jul-2026,1709.8,1721.0,1768.0,1650.6,1758.0,1729.4,1693.38,133895,2267.35,13616, 43831, 32.74
ATLASCYCLE, EQ, 14-Jul-2026,97.89,97.89,98.21,96.0,97.5,96.42,96.73,2428,2.35,60, 2193, 90.32
ATLPP, E1, 14-Jul-2026,9.12,9.1,9.1,9.1,9.1,9.1,9.1,173,0.02,2, 173, 100.00
ATMASTCO, ST, 14-Jul-2026,163.75,161.0,163.75,157.5,158.8,158.15,159.01,11600,18.45,25, 9600, 82.76
ATUL, EQ, 14-Jul-2026,6264.0,6279.0,6279.0,5992.0,6110.0,6072.0,6068.71,63671,3864.01,13752, 34835, 54.71
ATULAUTO, EQ, 14-Jul-2026,487.3,487.0,487.8,469.0,477.5,475.85,474.74,135915,645.24,6549, 57502, 42.31
AUBANK, EQ, 14-Jul-2026,1060.5,1050.0,1052.3,1034.0,1039.0,1038.3,1041.08,996998,10379.59,30334, 525739, 52.73
AURIONPRO, EQ, 14-Jul-2026,885.25,883.35,883.35,860.0,873.8,871.05,870.88,59155,515.17,4618, 24768, 41.87
AUROIMPEX, SM, 14-Jul-2026,26.0,24.85,24.85,24.85,24.85,24.85,24.85,1600,0.4,1, 1600, 100.00
AUROPHARMA, EQ, 14-Jul-2026,1549.3,1551.4,1572.0,1545.9,1552.0,1552.8,1560.2,525859,8204.45,22227, 207343, 39.43
AURUM, EQ, 14-Jul-2026,231.83,232.1,243.99,232.0,238.18,239.64,238.53,567211,1352.94,9162, 306887, 54.10
AURUS, EQ, 14-Jul-2026,4.63,4.67,4.67,4.26,4.4,4.41,4.43,21664,0.96,275, 13812, 63.76
AUSL, SM, 14-Jul-2026,26.4,27.25,27.25,27.25,27.25,27.25,27.25,2000,0.55,1, 2000, 100.00
AUSOMENT, BE, 14-Jul-2026,123.85,124.79,127.0,121.01,123.4,123.33,123.3,4297,5.3,36, -, -
AUTOAXLES, EQ, 14-Jul-2026,1797.1,1788.0,1790.6,1760.6,1779.8,1775.8,1777.25,6183,109.89,786, 3845, 62.19
AUTOBEES, EQ, 14-Jul-2026,278.85,276.06,277.9,274.1,274.95,274.52,275.08,184308,507.0,3189, 117974, 64.01
AUTOIETF, EQ, 14-Jul-2026,27.87,28.56,28.56,27.41,27.51,27.49,27.52,831491,228.79,2871, 545968, 65.66
AUTOIND, BE, 14-Jul-2026,98.88,99.0,103.5,95.25,97.0,96.46,98.95,135720,134.29,983, -, -
AVADHSUGAR, BE, 14-Jul-2026,539.25,545.9,545.9,531.1,540.0,539.3,537.33,19665,105.67,385, -, -
AVALON, EQ, 14-Jul-2026,1720.9,1724.8,1761.8,1699.3,1754.0,1748.1,1733.18,225085,3901.12,21229, 98984, 43.98
AVANA, ST, 14-Jul-2026,133.85,139.95,140.5,135.0,140.5,140.25,139.68,46000,64.25,23, 46000, 100.00
AVANTEL, EQ, 14-Jul-2026,183.76,183.0,183.45,178.16,180.39,180.24,180.0,2994823,5390.58,22422, 1130506, 37.75
AVANTIFEED, EQ, 14-Jul-2026,948.6,945.0,952.8,931.05,944.9,935.45,940.55,234559,2206.14,13900, 112270, 47.86
AVG, BE, 14-Jul-2026,212.53,215.9,215.9,206.01,210.58,207.42,209.07,19971,41.75,142, -, -
AVIANSH, SM, 14-Jul-2026,102.5,102.5,102.5,102.5,102.5,102.5,102.5,1000,1.03,1, 1000, 100.00
AVIENCE, SM, 14-Jul-2026,285.85,285.0,296.0,278.0,283.0,280.35,285.62,51600,147.38,79, 26400, 51.16
AVL, EQ, 14-Jul-2026,636.0,639.0,639.4,627.5,635.4,635.45,634.46,73103,463.81,7990, 37753, 51.64
AVONMORE, EQ, 14-Jul-2026,10.0,10.0,10.34,9.96,10.03,10.05,10.02,56105,5.62,179, 46228, 82.40
AVPINFRA, SM, 14-Jul-2026,59.05,59.0,59.15,56.1,56.1,56.2,56.71,322400,182.85,199, 181600, 56.33
AVROIND, EQ, 14-Jul-2026,9.55,9.65,10.15,9.35,9.86,9.89,9.84,799195,78.67,1919, 337688, 42.25
AVTNPL, EQ, 14-Jul-2026,71.06,70.45,72.9,70.26,71.0,71.3,71.54,66553,47.61,1108, 43428, 65.25
AWFIS, EQ, 14-Jul-2026,299.2,299.0,300.6,290.0,290.6,290.45,293.45,339841,997.28,8788, 222435, 65.45
AWHCL, EQ, 14-Jul-2026,457.9,460.95,465.0,455.0,456.1,458.35,458.59,62800,288.0,2633, 25974, 41.36
AWL, EQ, 14-Jul-2026,189.38,187.1,190.69,186.4,188.51,189.27,188.05,2189721,4117.83,17469, 1275154, 58.23
AXISBANK, EQ, 14-Jul-2026,1319.4,1320.1,1323.7,1298.6,1318.5,1317.6,1313.7,6005505,78894.45,131465, 2672345, 44.50
AXISCADES, EQ, 14-Jul-2026,1601.3,1602.8,1660.0,1578.0,1625.0,1638.1,1623.57,232823,3780.05,8875, 170979, 73.44
AXITA, EQ, 14-Jul-2026,7.42,7.52,7.55,7.48,7.54,7.53,7.51,219360,16.48,537, 134031, 61.10
AYE, EQ, 14-Jul-2026,170.93,170.99,171.73,167.4,168.5,168.71,168.91,267770,452.29,4515, 116945, 43.67
AYMSYNTEX, EQ, 14-Jul-2026,234.46,232.97,257.99,232.96,239.5,241.31,249.56,120204,299.99,4388, 35030, 29.14
AZAD, EQ, 14-Jul-2026,2378.5,2369.0,2411.0,2296.8,2380.0,2392.6,2371.93,529057,12548.86,45241, 165488, 31.28
BABAFP, SM, 14-Jul-2026,22.65,23.05,24.0,23.05,24.0,23.95,23.67,4800,1.14,3, 3200, 66.67
BAFNAPH, BE, 14-Jul-2026,208.7,212.87,212.87,212.87,212.87,212.87,212.87,906,1.93,10, -, -
BAGDIGITAL, SM, 14-Jul-2026,104.05,109.8,109.8,104.0,104.0,104.0,105.95,4800,5.09,3, 3200, 66.67
BAGFILMS, EQ, 14-Jul-2026,4.52,4.56,4.56,4.37,4.49,4.47,4.45,106615,4.75,201, 76643, 71.89
BAGMANE, RR, 14-Jul-2026,103.49,103.69,103.69,103.3,103.5,103.49,103.48,2135244,2209.46,13177, 2078544, 97.34
BAHETI, SM, 14-Jul-2026,710.3,720.0,720.0,705.0,710.0,710.0,713.1,19500,139.06,45, 9000, 46.15
BAIDFIN, EQ, 14-Jul-2026,10.28,10.21,10.6,10.12,10.28,10.39,10.34,54273,5.61,135, 37460, 69.02
BAJAJ-AUTO, EQ, 14-Jul-2026,10381.0,10212.5,10374.0,10145.5,10170.0,10166.0,10229.94,802768,82122.68,109743, 488985, 60.91
BAJAJCON, EQ, 14-Jul-2026,660.45,650.0,651.95,580.0,590.9,590.5,600.19,4375429,26260.78,100136, 1600007, 36.57
BAJAJELEC, EQ, 14-Jul-2026,336.55,334.85,335.95,328.0,329.5,328.95,330.74,106240,351.38,3018, 52959, 49.85
BAJAJFINSV, EQ, 14-Jul-2026,1908.1,1884.4,1899.0,1861.0,1864.6,1869.2,1874.39,1811978,33963.47,74269, 1196776, 66.05
BAJAJHCARE, EQ, 14-Jul-2026,343.15,343.15,350.0,335.55,346.35,347.55,343.61,202918,697.24,6795, 86811, 42.78
BAJAJHFL, EQ, 14-Jul-2026,88.57,88.02,88.09,86.95,87.15,87.32,87.31,2502256,2184.78,22808, 1273086, 50.88
BAJAJHIND, EQ, 14-Jul-2026,17.7,17.63,17.82,17.39,17.5,17.5,17.54,3158266,553.93,5982, 1565086, 49.56
BAJAJHLDNG, EQ, 14-Jul-2026,10752.0,10635.0,10714.0,10459.0,10478.0,10486.0,10570.67,29082,3074.16,7760, 11145, 38.32
BAJAJINDEF, EQ, 14-Jul-2026,247.85,247.8,247.8,240.85,244.95,243.4,243.42,13640,33.2,664, 9175, 67.27
BAJAJST, EQ, 14-Jul-2026,403.75,405.0,405.0,388.0,388.2,389.85,393.56,9840,38.73,717, 5415, 55.03
BAJEL, EQ, 14-Jul-2026,191.2,191.4,193.8,181.22,182.98,182.15,184.43,296253,546.37,3666, 202316, 68.29
BAJFINANCE, EQ, 14-Jul-2026,1022.6,1007.0,1022.0,995.2,1007.0,1006.6,1004.57,6458393,64879.0,138561, 3051135, 47.24
BALAJEE, EQ, 14-Jul-2026,28.84,29.0,29.28,28.5,28.94,28.86,28.96,34128,9.88,202, 27283, 79.94
BALAJITELE, EQ, 14-Jul-2026,91.89,91.97,92.9,90.74,92.5,91.64,92.38,206430,190.7,1629, 148638, 72.00
BALAMINES, EQ, 14-Jul-2026,2340.9,2330.0,2336.6,2260.0,2315.0,2311.5,2294.77,154286,3540.51,16041, 46582, 30.19
BALAXI, BE, 14-Jul-2026,24.04,24.04,24.45,23.5,24.0,24.13,23.96,28651,6.87,123, -, -
BALKRISHNA, EQ, 14-Jul-2026,18.03,18.13,18.47,18.02,18.2,18.03,18.07,2939,0.53,32, 1751, 59.58
BALKRISIND, EQ, 14-Jul-2026,2216.1,2224.0,2234.7,2142.8,2159.0,2165.0,2174.64,136470,2967.73,20068, 70279, 51.50
BALMLAWRIE, EQ, 14-Jul-2026,179.34,177.0,181.0,176.3,176.99,176.59,177.45,82717,146.78,1770, 50349, 60.87
BALPHARMA, EQ, 14-Jul-2026,79.17,78.0,93.8,78.0,91.0,91.02,89.64,543763,487.42,7564, 130601, 24.02
BALRAMCHIN, EQ, 14-Jul-2026,584.85,587.8,601.8,586.0,595.4,596.3,595.63,1114421,6637.82,34038, 315409, 28.30
BALUFORGE, EQ, 14-Jul-2026,467.5,464.0,464.8,445.5,448.85,447.3,451.62,688762,3110.56,18414, 486408, 70.62
BANARBEADS, EQ, 14-Jul-2026,117.9,117.0,119.0,114.6,116.0,115.95,116.73,5943,6.94,273, 3193, 53.73
BANARISUG, EQ, 14-Jul-2026,3505.1,3528.9,3543.0,3466.3,3475.0,3479.5,3494.47,182,6.36,55, 81, 44.51
BANCOINDIA, EQ, 14-Jul-2026,674.85,672.0,675.0,655.7,657.0,657.4,661.08,138471,915.4,7107, 79994, 57.77
BANDHANBNK, EQ, 14-Jul-2026,213.15,208.0,210.6,206.4,207.9,207.87,208.66,5837526,12180.66,36210, 2411145, 41.30
BANG, EQ, 14-Jul-2026,28.93,28.56,29.24,28.12,28.2,28.42,28.5,34952,9.96,517, 23732, 67.90
BANK10ADD, EQ, 14-Jul-2026,17.44,17.4,17.77,17.21,17.68,17.51,17.37,113339,19.68,129, 105960, 93.49
BANKA, BE, 14-Jul-2026,92.01,91.55,93.85,90.16,92.0,91.84,93.08,1527,1.42,21, -, -
BANKADD, EQ, 14-Jul-2026,59.53,59.18,59.2,58.68,58.81,58.77,58.89,21475,12.65,154, 11670, 54.34
BANKBARODA, EQ, 14-Jul-2026,250.65,249.8,251.15,245.7,246.65,246.6,247.25,9026197,22317.55,50250, 5151705, 57.08
BANKBEES, EQ, 14-Jul-2026,600.74,600.0,600.0,592.8,594.2,594.18,595.12,1194431,7108.32,10041, 628401, 52.61
BANKBETA, EQ, 14-Jul-2026,60.15,60.33,60.33,59.23,59.46,59.36,59.36,1194041,708.8,699, 1132882, 94.88
BANKBETF, EQ, 14-Jul-2026,58.97,58.97,58.97,58.3,58.4,58.35,58.47,7673,4.49,263, 5730, 74.68
BANKETF, EQ, 14-Jul-2026,592.34,607.14,607.14,584.0,585.4,585.4,586.05,7206,42.23,315, 5597, 77.67
BANKIETF, EQ, 14-Jul-2026,59.56,59.56,59.56,58.81,58.87,58.96,59.1,481436,284.53,1898, 370414, 76.94
BANKINDIA, EQ, 14-Jul-2026,145.59,144.89,146.13,141.35,141.98,141.87,142.94,7245592,10356.73,38385, 3374477, 46.57
BANKNIFTY1, EQ, 14-Jul-2026,60.25,60.26,60.26,59.55,59.7,59.77,59.76,1208119,721.98,806, 994174, 82.29
BANKPSU, EQ, 14-Jul-2026,85.4,85.25,85.25,83.66,83.75,83.81,83.98,6220,5.22,184, 5684, 91.38
BANSALWIRE, EQ, 14-Jul-2026,329.4,330.0,330.05,312.8,315.0,315.0,317.74,185693,590.03,5426, 108750, 58.56
BANSWRAS, EQ, 14-Jul-2026,119.11,120.35,127.45,118.81,123.0,122.29,123.15,104404,128.57,2387, 35704, 34.20
BARFLEX, SM, 14-Jul-2026,54.0,55.5,55.5,55.5,55.5,55.5,55.5,2000,1.11,1, 2000, 100.00
BASF, EQ, 14-Jul-2026,3523.1,3533.7,3680.0,3493.0,3603.6,3613.6,3608.66,30219,1090.5,7105, 12138, 40.17
BASILIC, SM, 14-Jul-2026,202.95,204.95,204.95,200.0,202.3,201.15,201.65,7800,15.73,19, 7200, 92.31
BASML, BE, 14-Jul-2026,26.86,27.19,27.19,26.09,26.95,26.89,26.79,32130,8.61,93, -, -
BATAINDIA, EQ, 14-Jul-2026,695.6,690.1,694.55,679.05,683.25,683.25,685.53,116169,796.37,8168, 51286, 44.15
BATLIBOI, EQ, 14-Jul-2026,83.76,83.11,85.0,83.0,84.47,83.18,83.68,15895,13.3,487, 11206, 70.50
BAWEJA, ST, 14-Jul-2026,28.2,28.0,29.0,26.8,28.0,28.0,27.61,21600,5.96,26, 14400, 66.67
BAYERCROP, EQ, 14-Jul-2026,4099.8,4105.0,4105.0,4051.7,4078.2,4077.0,4076.51,21493,876.16,4849, 11849, 55.13
BBETF0432, EQ, 14-Jul-2026,1347.65,1354.38,1354.38,1343.01,1345.95,1348.57,1349.98,3404,45.95,130, 2370, 69.62
BBL, EQ, 14-Jul-2026,2773.3,2787.0,2789.0,2709.0,2722.9,2715.3,2741.89,43370,1189.16,5077, 26012, 59.98
BBNPNBETF, EQ, 14-Jul-2026,58.38,57.6,58.35,57.03,58.04,58.04,57.87,383,0.22,20, 224, 58.49
BBNPPGOLD, EQ, 14-Jul-2026,136.6,137.25,138.0,135.6,136.0,135.95,136.3,145231,197.96,111, 144799, 99.70
BBOX, EQ, 14-Jul-2026,898.75,904.0,904.0,859.55,869.7,869.4,873.88,507553,4435.43,21194, 278819, 54.93
BBTC, EQ, 14-Jul-2026,1514.0,1510.0,1519.5,1494.0,1497.0,1497.4,1502.01,14764,221.76,1951, 8233, 55.76
BBTCL, EQ, 14-Jul-2026,214.45,213.38,214.0,209.59,210.8,211.72,212.05,2817,5.97,154, 2323, 82.46
BCG, EQ, 14-Jul-2026,9.8,9.8,9.84,9.6,9.65,9.63,9.66,2485083,240.17,2950, 1415177, 56.95
BCLIND, EQ, 14-Jul-2026,37.16,37.62,40.0,37.23,37.9,37.79,38.28,17216432,6590.43,41091, 1911507, 11.10
BCONCEPTS, EQ, 14-Jul-2026,214.89,218.98,218.99,195.75,203.9,197.99,202.2,19758,39.95,940, 10486, 53.07
BCPL, EQ, 14-Jul-2026,71.03,71.0,72.3,69.5,70.88,70.54,70.62,10479,7.4,280, 6459, 61.64
BDL, EQ, 14-Jul-2026,1302.8,1299.9,1299.9,1265.1,1276.5,1277.8,1274.64,1278174,16292.13,46600, 338389, 26.47
BEACON, ST, 14-Jul-2026,93.5,94.7,98.0,89.6,98.0,96.65,94.22,23000,21.67,19, 21000, 91.30
BEARDSELL, EQ, 14-Jul-2026,29.48,29.5,29.5,28.88,29.25,29.02,29.15,5370,1.57,79, 4625, 86.13
BECTORFOOD, EQ, 14-Jul-2026,170.35,170.5,170.9,166.26,167.0,167.25,167.77,745773,1251.17,19684, 442790, 59.37
BEDMUTHA, EQ, 14-Jul-2026,109.98,109.0,109.99,106.0,107.0,106.73,106.58,4716,5.03,51, 3725, 78.99
BEEKAY, EQ, 14-Jul-2026,401.5,414.0,414.0,401.05,404.95,404.95,404.06,514,2.08,22, 210, 40.86
BEL, EQ, 14-Jul-2026,410.8,409.35,411.25,405.7,409.85,410.1,408.79,10652838,43547.95,125536, 5741150, 53.89
BELLACASA, EQ, 14-Jul-2026,255.25,245.0,252.45,245.0,249.4,250.3,248.86,6535,16.26,251, 4268, 65.31
BELRISE, EQ, 14-Jul-2026,236.56,236.0,236.0,229.07,231.94,232.34,232.03,3697204,8578.57,29580, 1426841, 38.59
BEML, EQ, 14-Jul-2026,1885.9,1882.0,1882.0,1835.0,1852.0,1855.5,1856.18,166243,3085.77,10809, 80093, 48.18
BENGALASM, EQ, 14-Jul-2026,6384.0,6342.5,6350.5,6250.5,6349.5,6326.0,6328.48,106,6.71,49, 57, 53.77
BEPL, EQ, 14-Jul-2026,108.1,107.4,108.41,106.09,106.92,106.8,107.24,843963,905.07,7175, 439823, 52.11
BERGEPAINT, EQ, 14-Jul-2026,492.95,486.3,495.0,484.35,488.85,489.1,490.1,220547,1080.9,10161, 110181, 49.96
BESTAGRO, EQ, 14-Jul-2026,15.61,15.61,15.68,15.35,15.65,15.46,15.48,274933,42.57,1013, 186184, 67.72
BETA, EQ, 14-Jul-2026,2347.8,2361.9,2370.0,2272.0,2306.0,2310.2,2310.01,22065,509.7,3693, 8320, 37.71
BEWLTD, SM, 14-Jul-2026,60.05,58.8,60.75,58.8,60.0,60.05,60.0,17000,10.2,17, 15000, 88.24
BFINVEST, EQ, 14-Jul-2026,535.25,520.0,529.8,485.8,488.95,488.45,504.98,554272,2798.99,16382, 203726, 36.76
BFSI, EQ, 14-Jul-2026,27.84,27.75,27.75,27.51,27.58,27.57,27.59,236453,65.24,923, 123243, 52.12
BFUTILITIE, EQ, 14-Jul-2026,672.55,662.0,684.45,630.0,633.9,633.95,658.16,541279,3562.47,19108, 139945, 25.85
BGRENERGY, BE, 14-Jul-2026,299.25,306.5,306.5,291.0,302.0,301.2,301.4,42835,129.11,456, -, -
BHADORA, ST, 14-Jul-2026,92.25,92.25,92.25,92.0,92.25,92.25,92.22,10800,9.96,8, 10800, 100.00
BHAGCHEM, EQ, 14-Jul-2026,293.85,292.45,294.5,281.1,289.9,283.8,285.41,79294,226.31,2412, 41195, 51.95
BHAGERIA, BE, 14-Jul-2026,210.44,209.25,214.12,201.0,208.0,207.53,207.89,11731,24.39,395, -, -
BHAGYANGR, BE, 14-Jul-2026,375.35,363.75,374.4,357.0,367.0,365.75,364.48,83230,303.36,1599, -, -
BHANDARI, BE, 14-Jul-2026,2.94,3.0,3.0,2.91,2.91,2.91,2.93,145753,4.28,135, -, -
BHARATCOAL, EQ, 14-Jul-2026,37.53,37.53,37.7,36.75,36.85,36.84,37.08,8082782,2996.99,18246, 3364112, 41.62
BHARATFORG, EQ, 14-Jul-2026,2145.6,2137.4,2149.0,2098.1,2115.0,2119.7,2117.01,568854,12042.68,30967, 228293, 40.13
BHARATGEAR, BE, 14-Jul-2026,123.31,123.31,124.87,121.7,124.0,123.6,123.59,11558,14.28,183, -, -
BHARATRAS, EQ, 14-Jul-2026,1377.1,1382.0,1382.0,1341.6,1364.0,1350.8,1356.28,5563,75.45,941, 3476, 62.48
BHARATSE, EQ, 14-Jul-2026,254.62,258.43,258.8,240.8,246.94,243.07,247.48,519452,1285.55,12849, 203176, 39.11
BHARATWIRE, EQ, 14-Jul-2026,215.07,215.64,215.64,205.26,206.01,206.7,209.36,264535,553.83,4471, 140746, 53.21
BHARTIARTL, EQ, 14-Jul-2026,1901.8,1885.0,1941.1,1885.0,1934.0,1936.5,1930.8,6964062,134461.92,182694, 3556050, 51.06
BHARTIHEXA, EQ, 14-Jul-2026,1587.4,1579.6,1629.0,1568.5,1628.1,1621.8,1609.37,448852,7223.71,28468, 205460, 45.77
BHEL, EQ, 14-Jul-2026,409.1,408.15,409.0,401.0,402.4,403.9,404.62,12494044,50553.9,175293, 6607645, 52.89
BI, EQ, 14-Jul-2026,64.01,64.45,64.45,63.1,64.0,63.88,63.86,1214,0.78,28, 1114, 91.76
BIGBLOC, EQ, 14-Jul-2026,47.05,46.52,47.8,46.52,47.4,47.24,47.04,18869,8.88,414, 11546, 61.19
BIKAJI, EQ, 14-Jul-2026,643.45,645.0,647.9,628.5,638.1,636.15,633.34,238851,1512.74,11510, 141560, 59.27
BIKEWO, ST, 14-Jul-2026,53.3,55.9,55.95,53.6,53.65,54.1,55.58,70000,38.91,34, 64000, 91.43
BIL, EQ, 14-Jul-2026,719.55,743.35,743.35,715.1,723.65,721.9,724.89,1900,13.77,171, 886, 46.63
BILVYAPAR, BE, 14-Jul-2026,4.16,4.28,4.28,4.19,4.23,4.22,4.21,8300,0.35,34, -, -
BIMETAL, EQ, 14-Jul-2026,714.85,695.0,700.0,683.5,687.0,687.25,693.14,1308,9.07,125, 1157, 88.46
BIOCON, EQ, 14-Jul-2026,410.95,427.35,444.5,422.2,437.0,437.3,436.39,43015136,187713.58,402779, 8270178, 19.23
BIOFILCHEM, EQ, 14-Jul-2026,33.71,34.04,34.68,33.21,33.21,33.28,33.52,6425,2.15,121, 5389, 83.88
BIOPOL, SM, 14-Jul-2026,94.7,96.0,98.0,92.0,96.0,96.6,96.25,43200,41.58,21, 38400, 88.89
BIRDYS, ST, 14-Jul-2026,91.0,94.1,94.1,94.1,94.1,94.1,94.1,1200,1.13,1, 1200, 100.00
BIRET, RR, 14-Jul-2026,340.29,339.98,342.0,338.22,340.0,340.04,340.24,520796,1771.93,4402, 476636, 91.52
BIRLACABLE, BE, 14-Jul-2026,192.66,192.0,196.0,185.05,192.5,190.13,190.36,31733,60.41,492, -, -
BIRLACORPN, EQ, 14-Jul-2026,981.95,980.0,991.25,958.0,966.0,967.05,975.1,126466,1233.17,8238, 83737, 66.21
BIRLAMONEY, EQ, 14-Jul-2026,157.8,159.39,163.49,152.91,158.75,157.06,157.32,334242,525.84,5006, 187124, 55.98
BIRLANU, EQ, 14-Jul-2026,1301.0,1302.9,1310.2,1260.3,1267.5,1266.8,1276.85,17955,229.26,1759, 11424, 63.63
BIRLAPREC, EQ, 14-Jul-2026,37.17,37.17,37.94,35.67,37.02,37.1,37.25,10839,4.04,191, 8361, 77.14
BLACKBUCK, EQ, 14-Jul-2026,583.35,580.4,585.8,573.0,585.7,584.45,581.71,328423,1910.48,12549, 202550, 61.67
BLACKROSE, BE, 14-Jul-2026,106.98,107.69,107.69,104.6,105.38,104.82,105.56,8938,9.44,182, -, -
BLAL, EQ, 14-Jul-2026,184.6,185.52,185.6,183.0,184.0,184.02,183.94,4118,7.57,119, 2123, 51.55
BLBLIMITED, EQ, 14-Jul-2026,16.05,16.05,16.33,15.25,15.3,15.39,15.59,70094,10.93,431, 39721, 56.67
BLIL, EQ, 14-Jul-2026,70.05,70.3,70.82,69.96,70.3,70.28,70.18,38235,26.83,643, 28608, 74.82
BLISSGVS, BE, 14-Jul-2026,524.1,529.0,530.0,515.0,521.0,521.1,521.37,110831,577.84,1917, -, -
BLKASHYAP, EQ, 14-Jul-2026,59.46,59.47,61.0,58.06,58.81,59.02,59.51,947866,564.11,5095, 432912, 45.67
BLS, EQ, 14-Jul-2026,239.5,240.0,240.6,232.85,234.0,233.4,235.55,1246650,2936.44,20789, 669574, 53.71
BLSE, EQ, 14-Jul-2026,265.57,264.9,278.99,263.05,271.2,271.29,273.66,1627683,4454.39,23350, 401624, 24.67
BLUECHIP, BE, 14-Jul-2026,2.25,2.21,2.21,2.21,2.21,2.21,2.21,6,0.0,2, -, -
BLUECOAST, BE, 14-Jul-2026,28.56,28.56,28.56,27.14,28.39,28.39,27.34,586,0.16,9, -, -
BLUEDART, EQ, 14-Jul-2026,4945.6,4903.1,4956.0,4885.0,4885.0,4903.6,4912.0,4015,197.22,1148, 1921, 47.85
BLUEJET, EQ, 14-Jul-2026,606.3,601.15,624.8,601.15,605.0,605.5,612.46,900065,5512.57,23788, 429901, 47.76
BLUEPEBBLE, SM, 14-Jul-2026,72.0,69.2,70.0,69.2,70.0,70.0,69.38,2000,1.39,4, 1600, 80.00
BLUESTARCO, EQ, 14-Jul-2026,1716.1,1716.1,1753.8,1701.1,1745.0,1746.2,1732.99,866904,15023.36,58586, 385356, 44.45
BLUESTONE, EQ, 14-Jul-2026,588.8,590.5,612.8,575.6,609.0,607.3,601.27,607214,3650.99,27149, 178562, 29.41
BLUEWATER, ST, 14-Jul-2026,379.15,379.15,398.1,379.15,392.0,394.05,393.75,16000,63.0,16, 16000, 100.00
BLUSPRING, EQ, 14-Jul-2026,116.8,116.01,118.68,112.04,112.1,113.16,115.01,467100,537.22,5896, 156310, 33.46
BMETRICS, SM, 14-Jul-2026,35.5,33.3,35.5,33.3,35.3,35.3,35.28,8800,3.1,4, 8800, 100.00
BMLL, SM, 14-Jul-2026,139.5,136.0,137.15,136.0,136.85,136.9,136.81,11000,15.05,7, 8000, 72.73
BMWVENTLTD, EQ, 14-Jul-2026,58.57,58.01,59.37,57.5,58.46,58.52,58.49,84595,49.48,1407, 54941, 64.95
BNAGROCHEM, BE, 14-Jul-2026,284.0,281.1,285.0,272.05,281.8,281.6,283.16,11313,32.03,82, -, -
BNALTD, EQ, 14-Jul-2026,340.0,350.0,375.0,350.0,374.95,374.95,363.43,186,0.68,36, 84, 45.16
BNKETFAXIS, EQ, 14-Jul-2026,598.46,596.3,596.3,590.87,591.94,592.98,593.28,575,3.41,34, 305, 53.04
BODALCHEM, BE, 14-Jul-2026,59.24,59.98,60.5,58.2,60.4,60.18,60.3,218252,131.61,473, -, -
BOHRAIND, EQ, 14-Jul-2026,13.75,14.38,14.38,13.37,13.99,13.52,13.79,11396,1.57,40, 9831, 86.27
BOMDYEING, EQ, 14-Jul-2026,129.13,127.5,128.68,124.59,124.8,125.0,126.07,387286,488.24,4350, 217706, 56.21
BONLON, EQ, 14-Jul-2026,41.5,41.2,42.81,40.6,41.47,41.31,41.59,7424,3.09,105, 5268, 70.96
BORANA, EQ, 14-Jul-2026,307.15,303.0,307.45,300.5,301.6,302.25,302.15,20298,61.33,506, 14096, 69.45
BOROLTD, EQ, 14-Jul-2026,256.97,264.0,264.0,248.1,248.1,249.67,255.12,338337,863.17,8008, 112818, 33.34
BORORENEW, EQ, 14-Jul-2026,647.3,640.0,643.95,629.15,637.8,634.6,636.39,475754,3027.63,13164, 244707, 51.44
BOROSCI, EQ, 14-Jul-2026,162.75,161.14,166.77,161.14,163.0,162.71,163.29,104859,171.22,2286, 45546, 43.44
BOSCH-HCIL, EQ, 14-Jul-2026,1337.1,1337.1,1338.5,1310.0,1315.0,1319.9,1321.21,28518,376.78,2062, 16577, 58.13
BOSCHLTD, EQ, 14-Jul-2026,41695.0,41600.0,41860.0,41400.0,41470.0,41460.0,41563.85,11517,4786.91,5224, 4979, 43.23
BPCL, EQ, 14-Jul-2026,307.55,302.95,307.2,302.05,305.5,305.35,304.47,9995741,30434.12,80898, 5395921, 53.98
BPL, EQ, 14-Jul-2026,58.27,56.7,59.0,56.7,57.66,57.41,57.91,31058,17.98,696, 15822, 50.94
BRACEPORT, SM, 14-Jul-2026,59.0,59.0,62.9,59.0,62.9,62.9,60.97,4800,2.93,3, 4800, 100.00
BRANDMAN, ST, 14-Jul-2026,186.25,184.25,185.0,177.25,182.7,182.7,180.91,9600,17.37,12, 6400, 66.67
BRIGADE, EQ, 14-Jul-2026,569.7,564.05,576.0,555.2,557.5,556.25,563.59,385871,2174.71,17416, 161621, 41.88
BRIGHOTEL, EQ, 14-Jul-2026,64.01,63.99,64.39,63.11,63.18,63.32,63.66,44644,28.42,1462, 31437, 70.42
BRITANNIA, EQ, 14-Jul-2026,5348.5,5244.0,5347.5,5235.5,5281.0,5283.5,5288.17,326899,17286.96,37418, 181923, 55.65
BRNL, EQ, 14-Jul-2026,18.11,17.66,18.35,17.66,18.28,18.11,18.04,15122,2.73,206, 11147, 73.71
BROOKS, BE, 14-Jul-2026,69.85,68.55,70.8,68.5,70.1,69.29,69.87,16504,11.53,125, -, -
BSE, EQ, 14-Jul-2026,3804.2,3802.0,3867.5,3765.0,3799.5,3792.7,3818.56,2788229,106470.25,118634, 877392, 31.47
BSE500IETF, EQ, 14-Jul-2026,39.37,39.37,39.37,39.05,39.18,39.17,39.18,41866,16.4,1023, 29279, 69.94
BSHSL, BE, 14-Jul-2026,86.65,89.68,89.68,86.0,86.45,86.75,87.0,1242,1.08,35, -, -
BSL, EQ, 14-Jul-2026,128.39,127.0,130.89,127.0,127.89,127.69,128.27,3180,4.08,245, 2335, 73.43
BSLGOLDETF, EQ, 14-Jul-2026,124.45,124.0,124.05,123.24,123.5,123.34,123.39,380722,469.78,1677, 297028, 78.02
BSLNIFTY, EQ, 14-Jul-2026,28.38,29.08,29.08,27.67,28.14,28.15,28.17,573179,161.46,3984, 420224, 73.31
BSLSENETFG, EQ, 14-Jul-2026,78.11,76.15,78.78,76.15,77.44,77.48,77.7,1702,1.32,111, 1169, 68.68
BSOFT, EQ, 14-Jul-2026,299.3,300.8,304.25,287.35,288.65,289.05,294.19,2325558,6841.52,39546, 1067047, 45.88
BTML, EQ, 14-Jul-2026,6.38,6.55,6.6,6.0,6.31,6.24,6.24,518779,32.37,1147, 309034, 59.57
BTTL, BE, 14-Jul-2026,57.0,58.23,58.23,55.3,55.5,55.35,55.72,10246,5.71,88, -, -
BUILDPRO, EQ, 14-Jul-2026,1298.4,1300.0,1300.0,1251.3,1271.0,1272.6,1278.68,53094,678.9,5517, 27437, 51.68
BULKCORP, SM, 14-Jul-2026,56.9,55.05,55.95,55.05,55.95,55.95,55.5,2400,1.33,2, 2400, 100.00
BUTTERFLY, EQ, 14-Jul-2026,780.2,780.0,788.95,753.05,759.5,756.4,771.12,133752,1031.38,5238, 61925, 46.30
BVCL, EQ, 14-Jul-2026,41.74,41.66,41.66,40.25,41.5,41.53,41.13,18285,7.52,228, 13239, 72.40
BYKE, BE, 14-Jul-2026,33.66,33.05,33.43,32.72,33.1,33.19,32.94,18606,6.13,50, -, -
C2C, SM, 14-Jul-2026,382.35,382.35,391.95,381.55,383.3,383.65,385.35,41700,160.69,220, 25950, 62.23
CADSYS, ST, 14-Jul-2026,67.0,69.0,69.0,69.0,69.0,69.0,69.0,500,0.35,1, 500, 100.00
CALSOFT, BE, 14-Jul-2026,23.06,23.32,23.32,21.91,21.91,21.91,22.1,158499,35.03,320, -, -
CAMLINFINE, EQ, 14-Jul-2026,126.15,125.0,125.89,122.01,123.65,123.09,123.49,618263,763.51,6896, 336385, 54.41
CAMPUS, EQ, 14-Jul-2026,229.41,228.9,229.5,226.0,227.7,227.68,227.48,280992,639.19,8212, 134594, 47.90
CAMS, EQ, 14-Jul-2026,785.75,777.0,780.55,763.0,766.0,766.45,771.65,995206,7679.55,41979, 377731, 37.96
CANARYS, SM, 14-Jul-2026,18.85,19.55,19.55,18.6,18.8,18.9,18.89,60000,11.34,15, 40000, 66.67
CANBK, EQ, 14-Jul-2026,129.33,128.0,128.9,125.32,125.8,125.74,126.3,18692217,23609.17,97725, 9054928, 48.44
CANFINHOME, EQ, 14-Jul-2026,933.25,931.2,931.2,895.25,898.0,898.05,904.59,170881,1545.77,11954, 102192, 59.80
CANHLIFE, EQ, 14-Jul-2026,147.3,146.99,149.1,144.4,147.24,146.89,147.3,3515163,5177.72,27853, 2050362, 58.33
CANTABIL, EQ, 14-Jul-2026,255.96,255.1,268.15,253.21,260.5,262.52,262.15,816632,2140.78,17204, 317384, 38.86
CAPACITE, EQ, 14-Jul-2026,233.05,233.05,233.1,226.0,228.0,227.45,228.69,436304,997.76,6916, 280019, 64.18
CAPILLARY, EQ, 14-Jul-2026,504.05,508.0,509.0,500.1,503.0,505.3,502.74,146603,737.03,1750, 124964, 85.24
CAPINVIT, IV, 14-Jul-2026,73.99,73.99,74.47,73.6,73.61,73.82,73.89,763549,564.2,6133, 697013, 91.29
CAPITALSFB, EQ, 14-Jul-2026,298.55,299.35,300.0,292.65,296.3,296.6,296.57,30371,90.07,811, 22485, 74.03
CAPLIPOINT, EQ, 14-Jul-2026,2616.1,2629.0,2680.0,2597.0,2660.0,2658.4,2655.47,132461,3517.46,16841, 51951, 39.22
CAPTRUST, EQ, 14-Jul-2026,12.65,12.65,12.77,12.62,12.64,12.64,12.66,5891,0.75,49, 5713, 96.98
CARBORUNIV, EQ, 14-Jul-2026,1073.0,1050.0,1082.9,1048.0,1075.0,1066.2,1062.22,133523,1418.3,17503, 63720, 47.72
CARERATING, EQ, 14-Jul-2026,1676.8,1684.6,1689.6,1650.4,1656.7,1656.3,1669.16,32407,540.92,5879, 16524, 50.99
CARRARO, EQ, 14-Jul-2026,564.4,567.0,570.95,555.8,558.0,558.2,560.18,62318,349.1,3421, 30975, 49.70
CARTRADE, EQ, 14-Jul-2026,2799.3,2793.0,3081.5,2793.0,2898.0,2895.0,2959.42,3742773,110764.41,230290, 818831, 21.88
CARYSIL, EQ, 14-Jul-2026,1183.6,1187.0,1187.0,1152.3,1168.0,1167.6,1165.95,34587,403.27,3442, 16564, 47.89
CASHIETF, EQ, 14-Jul-2026,1070.56,1070.56,1071.92,1069.36,1070.72,1070.71,1070.71,488106,5226.18,131, 329263, 67.46
CASTROLIND, EQ, 14-Jul-2026,183.58,183.58,184.2,183.41,183.54,183.58,183.57,738220,1355.16,13608, 521007, 70.58
CBAZAAR, ST, 14-Jul-2026,6.2,6.05,6.3,6.05,6.25,6.25,6.2,24000,1.49,3, 24000, 100.00
CCAVENUE, EQ, 14-Jul-2026,18.21,18.14,18.14,17.7,17.82,17.82,17.87,12796142,2287.24,13348, 5711616, 44.64
CCCL, EQ, 14-Jul-2026,17.4,17.3,17.64,17.0,17.11,17.07,17.26,220275,38.02,820, 120135, 54.54
CCHHL, EQ, 14-Jul-2026,13.08,13.1,13.24,12.66,13.05,12.88,12.98,7640,0.99,144, 5544, 72.57
CCL, EQ, 14-Jul-2026,1229.7,1229.7,1240.0,1218.8,1230.8,1229.5,1230.79,192786,2372.8,19632, 116102, 60.22
CDSL, EQ, 14-Jul-2026,1444.5,1435.0,1445.8,1421.0,1425.0,1428.5,1432.56,1855465,26580.73,61168, 615577, 33.18
CEATLTD, EQ, 14-Jul-2026,3867.7,3807.1,3819.9,3693.1,3715.0,3719.8,3740.9,135424,5066.08,19533, 63374, 46.80
CEDAAR, ST, 14-Jul-2026,20.35,19.45,20.1,19.4,20.1,20.1,19.53,6000,1.17,6, 6000, 100.00
CEIGALL, EQ, 14-Jul-2026,364.1,360.2,366.9,357.0,359.0,358.75,360.49,194515,701.2,10600, 101082, 51.97
CEINSYS, EQ, 14-Jul-2026,939.75,936.5,946.95,910.5,910.5,915.95,921.27,44412,409.15,2843, 25898, 58.31
CELEBRITY, EQ, 14-Jul-2026,7.49,7.52,7.71,7.25,7.32,7.33,7.31,16534,1.21,116, 12621, 76.33
CELLECOR, ST, 14-Jul-2026,38.0,37.05,37.05,37.0,37.05,37.05,37.03,12000,4.44,4, 12000, 100.00
CELLO, EQ, 14-Jul-2026,365.95,365.95,369.8,363.45,365.4,365.65,365.54,106927,390.86,7341, 56866, 53.18
CELLPOINT, SM, 14-Jul-2026,15.8,15.8,15.8,15.8,15.8,15.8,15.8,1200,0.19,1, 1200, 100.00
CEMPRO, EQ, 14-Jul-2026,1583.7,1599.0,1647.3,1557.7,1599.0,1596.6,1604.24,694804,11146.31,36337, 391432, 56.34
CENTENKA, EQ, 14-Jul-2026,529.65,531.95,536.0,521.7,531.0,529.75,529.65,23593,124.96,1098, 18599, 78.83
CENTEXT, EQ, 14-Jul-2026,19.02,19.0,19.17,18.76,19.05,18.94,18.9,35242,6.66,330, 20749, 58.88
CENTRALBK, EQ, 14-Jul-2026,32.72,32.61,33.09,32.14,32.31,32.23,32.47,17781168,5773.9,25259, 9385893, 52.79
CENTRUM, EQ, 14-Jul-2026,25.36,25.23,25.53,24.19,24.4,24.34,24.66,271243,66.9,1590, 156889, 57.84
CENTUM, EQ, 14-Jul-2026,3741.1,3731.0,3731.0,3582.0,3629.0,3622.6,3631.04,33397,1212.66,8791, 15245, 45.65
CENTURYPLY, EQ, 14-Jul-2026,789.45,781.5,788.85,776.1,782.9,781.65,781.63,20856,163.02,3975, 9945, 47.68
CERA, EQ, 14-Jul-2026,6147.5,6175.0,6193.5,6032.0,6130.0,6136.0,6098.92,8626,526.09,2735, 3689, 42.77
CEREBRAINT, BZ, 14-Jul-2026,3.18,3.2,3.2,3.04,3.05,3.07,3.08,44320,1.36,119, -, -
CESC, EQ, 14-Jul-2026,161.92,161.9,162.8,159.03,159.2,159.16,160.03,1588907,2542.72,17211, 908959, 57.21
CEWATER, EQ, 14-Jul-2026,332.7,330.0,331.75,316.0,317.7,318.75,321.62,206805,665.13,6550, 111886, 54.10
CGCL, EQ, 14-Jul-2026,256.65,257.7,260.0,251.51,255.21,257.32,256.21,2328908,5966.98,29843, 993419, 42.66
CGPOWER, EQ, 14-Jul-2026,905.5,905.5,915.0,893.7,913.95,913.85,906.23,3241089,29371.6,75066, 1195265, 36.88
CGRAPHICS, SM, 14-Jul-2026,136.55,136.05,139.0,132.0,133.0,133.75,136.2,51200,69.74,49, 32800, 64.06
CHALET, EQ, 14-Jul-2026,847.75,840.8,856.0,834.5,852.0,854.2,851.01,167009,1421.26,10321, 95638, 57.27
CHAMBLFERT, EQ, 14-Jul-2026,456.25,456.0,456.0,447.25,455.2,454.2,450.97,444845,2006.13,15198, 210342, 47.28
CHAMUNDA, SM, 14-Jul-2026,43.55,44.95,44.95,43.9,43.9,43.9,44.33,15000,6.65,5, 12000, 80.00
CHANDAN, SM, 14-Jul-2026,250.35,249.0,249.0,241.0,241.0,243.4,245.88,11200,27.54,14, 8000, 71.43
CHAVDA, SM, 14-Jul-2026,104.45,109.5,113.8,104.9,105.8,105.8,108.52,212000,230.05,204, 85000, 40.09
CHEMBOND, BE, 14-Jul-2026,184.91,176.62,187.69,176.62,185.0,179.99,181.92,4278,7.78,74, -, -
CHEMBONDCH, BE, 14-Jul-2026,255.28,255.28,268.04,255.28,268.04,267.2,266.72,30903,82.42,383, -, -
CHEMCON, BE, 14-Jul-2026,184.16,185.0,187.0,181.5,183.1,183.56,184.3,8374,15.43,118, -, -
CHEMFAB, BE, 14-Jul-2026,372.05,373.75,379.45,370.0,375.0,370.9,373.73,1558,5.82,41, -, -
CHEMICAL, EQ, 14-Jul-2026,29.64,29.99,29.99,29.41,29.8,29.66,29.6,482800,142.91,760, 258977, 53.64
CHEMPLASTS, EQ, 14-Jul-2026,199.31,200.23,200.23,194.9,195.13,195.98,196.52,226203,444.54,5030, 149787, 66.22
CHENNPETRO, EQ, 14-Jul-2026,1157.9,1164.7,1164.7,1103.2,1113.9,1110.9,1120.3,1122447,12574.72,41028, 489852, 43.64
CHEVIOT, EQ, 14-Jul-2026,1123.4,1135.1,1135.7,1113.0,1113.0,1114.6,1124.45,2560,28.79,217, 2300, 89.84
CHOICEGOLD, EQ, 14-Jul-2026,140.26,138.0,140.19,138.0,139.8,139.5,139.67,4131,5.77,105, 2972, 71.94
CHOICEIN, EQ, 14-Jul-2026,820.15,818.0,818.7,808.5,810.0,810.8,812.38,676638,5496.84,9784, 217257, 32.11
CHOLAFIN, EQ, 14-Jul-2026,1810.9,1792.2,1792.4,1742.7,1774.9,1771.5,1764.25,1288807,22737.81,53021, 596140, 46.26
CHOLAHLDNG, EQ, 14-Jul-2026,1648.2,1635.0,1640.0,1578.1,1592.4,1586.7,1599.09,213907,3420.57,26723, 117236, 54.81
CIEINDIA, EQ, 14-Jul-2026,469.4,469.3,469.3,457.05,460.0,458.55,460.53,92696,426.89,8016, 55145, 59.49
CIFL, EQ, 14-Jul-2026,22.24,22.24,22.57,21.91,22.0,22.02,22.1,55054,12.17,225, 38982, 70.81
CINELINE, EQ, 14-Jul-2026,77.86,78.5,79.65,76.0,76.06,76.37,76.91,23091,17.76,389, 16219, 70.24
CINEVISTA, EQ, 14-Jul-2026,15.73,15.7,15.7,15.32,15.45,15.44,15.47,7994,1.24,54, 5762, 72.08
CIPLA, EQ, 14-Jul-2026,1426.7,1426.7,1454.5,1425.3,1436.0,1438.1,1445.26,1221695,17656.73,63463, 451463, 36.95
CITIUSINVT, IV, 14-Jul-2026,109.67,110.75,110.79,108.68,110.0,109.96,110.12,100922,111.13,844, 85624, 84.84
CKKRETAIL, SM, 14-Jul-2026,136.5,130.25,135.95,130.25,135.95,135.95,133.1,1600,2.13,2, 800, 50.00
CLASSICEIL, ST, 14-Jul-2026,55.4,56.5,58.15,56.5,58.15,58.15,57.87,24000,13.89,14, 22400, 93.33
CLAYCRAFT, SM, 14-Jul-2026,174.05,174.05,183.0,174.0,177.0,177.6,178.22,79800,142.22,106, 62400, 78.20
CLEAN, EQ, 14-Jul-2026,772.0,766.5,766.5,752.95,756.75,758.05,757.53,266031,2015.25,16401, 133345, 50.12
CLEANMAX, EQ, 14-Jul-2026,1305.7,1305.9,1322.6,1266.1,1275.1,1273.4,1275.9,81496,1039.81,9269, 31336, 38.45
CLEDUCATE, BE, 14-Jul-2026,58.0,55.75,60.8,55.75,59.0,59.0,58.34,9850,5.75,96, -, -
CLSEL, EQ, 14-Jul-2026,287.0,286.5,286.5,279.65,282.0,280.8,282.58,30551,86.33,1767, 15634, 51.17
CLSL, SM, 14-Jul-2026,47.0,47.05,48.0,47.05,47.25,47.25,47.46,10000,4.75,5, 10000, 100.00
CMNL, SM, 14-Jul-2026,97.95,97.95,102.0,97.95,99.0,99.0,99.28,3750,3.72,5, 3750, 100.00
CMPDI, EQ, 14-Jul-2026,261.68,261.0,272.98,257.43,271.8,271.07,264.5,6375990,16864.37,71143, 2696173, 42.29
CMRGREEN, EQ, 14-Jul-2026,229.3,229.0,229.05,224.25,225.15,224.75,226.16,594807,1345.22,8093, 278939, 46.90
CMRSL, SM, 14-Jul-2026,64.5,66.0,66.0,66.0,66.0,66.0,66.0,1600,1.06,1, 1600, 100.00
CMSINFO, EQ, 14-Jul-2026,273.6,273.35,273.35,260.25,266.55,266.85,264.93,1156883,3064.95,38443, 611564, 52.86
CNL, EQ, 14-Jul-2026,938.8,934.0,958.2,882.6,890.4,895.6,916.95,173818,1593.82,10500, 45919, 26.42
COALINDIA, EQ, 14-Jul-2026,430.2,429.95,436.5,428.05,430.0,430.6,432.47,6155516,26620.77,91131, 2687176, 43.65
COASTCORP, EQ, 14-Jul-2026,51.85,52.45,52.45,50.2,50.52,50.6,50.98,56158,28.63,775, 35634, 63.45
COCHINSHIP, EQ, 14-Jul-2026,1411.8,1408.0,1418.0,1382.6,1391.0,1390.8,1393.57,1384716,19296.99,42636, 639005, 46.15
COCKERILL, EQ, 14-Jul-2026,9602.5,9653.0,9800.0,9426.0,9497.0,9552.0,9643.84,12183,1174.91,3948, 3866, 31.73
COFFEEDAY, BE, 14-Jul-2026,32.07,32.37,32.39,31.5,31.97,31.74,31.81,286385,91.11,837, -, -
COFORGE, EQ, 14-Jul-2026,1540.9,1545.0,1569.0,1530.7,1534.0,1534.5,1550.99,2837341,44007.02,73284, 1028678, 36.26
COHANCE, EQ, 14-Jul-2026,449.75,447.3,452.0,436.0,436.4,438.8,440.83,313127,1380.36,21329, 138833, 44.34
COLPAL, EQ, 14-Jul-2026,2025.0,2026.0,2033.5,2002.6,2008.7,2008.7,2011.43,180202,3624.63,12714, 118332, 65.67
COMFINTE, EQ, 14-Jul-2026,5.72,5.66,5.88,5.21,5.6,5.58,5.51,519024,28.62,1021, 293324, 56.51
COMMOIETF, EQ, 14-Jul-2026,100.02,100.09,100.93,99.96,100.5,100.3,100.25,29090,29.16,476, 17314, 59.52
COMPINFO, BZ, 14-Jul-2026,1.18,1.13,1.23,1.13,1.16,1.16,1.2,11041,0.13,26, -, -
COMPUSOFT, EQ, 14-Jul-2026,13.17,13.18,13.45,13.05,13.11,13.08,13.16,17002,2.24,208, 14196, 83.50
COMSYN, EQ, 14-Jul-2026,195.3,197.0,197.0,193.19,194.46,194.16,194.72,206839,402.75,1081, 183907, 88.91
CONCOR, EQ, 14-Jul-2026,463.95,468.1,496.0,468.1,492.65,493.15,488.97,14171169,69293.1,167345, 4370519, 30.84
CONCORDBIO, EQ, 14-Jul-2026,1351.7,1351.0,1351.0,1315.0,1333.5,1327.6,1326.97,108621,1441.37,11152, 51737, 47.63
CONFIPET, EQ, 14-Jul-2026,75.35,75.35,75.35,72.57,74.2,73.62,73.6,1652325,1216.15,9670, 815711, 49.37
CONNPLEX, SM, 14-Jul-2026,198.6,198.0,198.25,196.1,196.2,196.2,197.3,11200,22.1,14, 10400, 92.86
CONS, EQ, 14-Jul-2026,11.96,12.01,12.01,11.9,11.93,11.94,11.95,186815,22.33,125, 175932, 94.17
CONSOFINVT, EQ, 14-Jul-2026,259.72,253.47,282.68,249.61,278.0,277.52,274.45,120007,329.36,1524, 91384, 76.15
CONSUMAXIS, EQ, 14-Jul-2026,120.3,120.13,120.13,119.22,119.79,119.85,119.89,956,1.15,18, 887, 92.78
CONSUMBEES, EQ, 14-Jul-2026,129.65,129.5,129.64,128.42,128.9,129.05,129.11,51968,67.1,709, 24401, 46.95
CONSUMER, EQ, 14-Jul-2026,11.82,11.75,11.77,11.66,11.69,11.7,11.71,892679,104.49,902, 627589, 70.30
CONSUMIETF, EQ, 14-Jul-2026,120.78,120.25,120.7,119.5,120.1,120.0,120.26,4321,5.2,198, 2883, 66.72
CONTROLPR, EQ, 14-Jul-2026,652.1,654.0,654.0,641.95,650.2,645.7,646.73,18965,122.65,1202, 11379, 60.00
COOLCAPS, ST, 14-Jul-2026,22.9,23.0,23.0,21.9,21.9,21.9,21.98,91250,20.06,51, 90000, 98.63
CORALFINAC, EQ, 14-Jul-2026,33.33,34.5,34.5,32.8,33.25,32.82,33.15,7146,2.37,197, 5363, 75.05
CORDELIA, EQ, 14-Jul-2026,854.45,850.05,854.2,810.2,817.5,823.55,835.84,434765,3633.93,14000, 110541, 25.43
CORDSCABLE, BE, 14-Jul-2026,205.83,204.85,207.0,202.3,202.61,202.92,203.84,7902,16.11,148, -, -
COROMANDEL, EQ, 14-Jul-2026,2060.1,2056.9,2075.4,2035.1,2074.2,2071.6,2055.27,142797,2934.87,21401, 67696, 47.41
CORONA, EQ, 14-Jul-2026,2054.1,2075.0,2118.9,2043.0,2049.0,2047.2,2072.96,39829,825.64,5634, 17822, 44.75
COSMOFIRST, EQ, 14-Jul-2026,828.5,830.0,830.45,813.2,823.0,817.55,820.65,38792,318.35,1775, 24849, 64.06
COUNCODOS, EQ, 14-Jul-2026,6.38,6.45,7.65,6.4,7.12,7.14,7.33,2532290,185.55,3823, 641436, 25.33
CPCAP, BE, 14-Jul-2026,111.33,110.0,113.0,110.0,110.8,111.97,111.92,15929,17.83,88, -, -
CPEDU, EQ, 14-Jul-2026,194.09,193.83,195.8,190.0,192.4,191.15,192.5,3394,6.53,143, 2868, 84.50
CPPLUS, EQ, 14-Jul-2026,3639.4,3649.4,3698.9,3611.6,3630.0,3622.8,3632.78,120904,4392.18,10809, 63888, 52.84
CPS, SM, 14-Jul-2026,1015.15,990.0,990.0,990.0,990.0,990.0,990.0,8550,84.65,3, 8550, 100.00
CPSEETF, EQ, 14-Jul-2026,96.78,96.78,97.12,95.5,96.52,96.55,96.51,1415256,1365.82,7107, 1177224, 83.18
CRAFTSMAN, EQ, 14-Jul-2026,9333.0,9292.0,9345.0,9071.0,9158.0,9158.0,9183.63,48761,4478.03,12662, 26826, 55.02
CRAMC, EQ, 14-Jul-2026,265.16,265.16,266.34,259.21,265.97,265.36,263.59,594273,1566.44,17195, 308306, 51.88
CRAYONS, SM, 14-Jul-2026,28.85,28.8,28.8,27.45,28.7,28.7,28.13,8000,2.25,8, 5000, 62.50
CREATIVEYE, EQ, 14-Jul-2026,6.0,5.9,6.28,5.75,5.78,6.02,6.0,10108,0.61,67, 3780, 37.40
CREDITACC, EQ, 14-Jul-2026,1540.2,1530.0,1533.2,1464.7,1473.4,1469.3,1477.57,343181,5070.72,28849, 202064, 58.88
CREST, EQ, 14-Jul-2026,369.85,375.7,375.7,361.05,372.0,369.65,369.31,5035,18.59,120, 4297, 85.34
CRISIL, EQ, 14-Jul-2026,4071.5,4072.0,4080.0,4030.0,4060.0,4053.7,4054.11,27367,1109.49,6845, 16646, 60.83
CRIZAC, EQ, 14-Jul-2026,198.92,203.1,203.1,191.85,194.5,194.29,194.66,476318,927.22,11696, 293374, 61.59
CROMPTON, EQ, 14-Jul-2026,261.8,261.95,263.75,257.05,260.7,261.0,260.51,3432777,8942.7,30979, 1862806, 54.27
CROWN, EQ, 14-Jul-2026,113.88,115.97,115.97,112.25,114.5,114.29,113.34,2873,3.26,68, 2204, 76.71
CSBBANK, EQ, 14-Jul-2026,362.95,363.7,363.7,351.85,356.2,356.6,356.76,315837,1126.78,18722, 154462, 48.91
CSLFINANCE, EQ, 14-Jul-2026,226.14,225.1,226.5,220.8,220.9,221.16,222.82,6318,14.08,285, 3787, 59.94
CSM, BE, 14-Jul-2026,99.4,98.0,99.4,97.02,97.55,97.54,98.52,528079,520.27,1402, -, -
CSSL, SM, 14-Jul-2026,101.05,100.95,102.0,100.95,102.0,102.0,101.49,4000,4.06,4, 4000, 100.00
CTE, EQ, 14-Jul-2026,30.39,32.0,32.0,30.11,30.15,30.38,30.77,5571,1.71,61, 4291, 77.02
CUB, EQ, 14-Jul-2026,225.13,224.0,225.55,220.06,220.3,221.3,222.1,1175916,2611.65,29138, 650881, 55.35
CUBEINVIT, IV, 14-Jul-2026,157.0,153.4,153.4,153.4,153.4,153.4,153.4,25000,38.35,1, 25000, 100.00
CUBEXTUB, EQ, 14-Jul-2026,80.72,81.3,81.39,79.1,79.22,79.42,79.93,28600,22.86,708, 18727, 65.48
CUDML, ST, 14-Jul-2026,175.0,167.05,167.05,166.25,166.25,166.25,166.64,4000,6.67,4, 4000, 100.00
CUMMINSIND, EQ, 14-Jul-2026,5555.0,5537.5,5555.0,5480.0,5505.0,5493.5,5496.87,356814,19613.6,41145, 219962, 61.65
CUPID, EQ, 14-Jul-2026,206.83,207.9,217.99,207.76,217.4,216.77,213.99,61486978,131577.22,273430, 14649174, 23.82
CURAA, EQ, 14-Jul-2026,73.81,77.0,81.0,74.1,74.1,74.96,78.61,1304,1.03,45, 1077, 82.59
CURIS, SM, 14-Jul-2026,100.95,100.0,100.0,100.0,100.0,100.0,100.0,1000,1.0,1, 1000, 100.00
CYBERMEDIA, BE, 14-Jul-2026,16.27,16.5,16.5,15.62,16.23,16.23,16.17,494,0.08,22, -, -
CYBERTECH, BE, 14-Jul-2026,141.39,143.9,144.0,138.11,141.0,140.94,141.29,12383,17.5,196, -, -
CYIENT, EQ, 14-Jul-2026,867.4,870.0,870.0,845.05,849.4,852.75,853.49,188584,1609.54,16443, 105379, 55.88
CYIENTDLM, EQ, 14-Jul-2026,525.65,528.2,538.0,521.55,529.2,532.65,529.39,297321,1573.99,10727, 150942, 50.77
DABUR, EQ, 14-Jul-2026,438.9,437.9,440.45,432.1,432.85,434.45,435.47,1427118,6214.66,22168, 784615, 54.98
DAICHI, BE, 14-Jul-2026,321.5,320.0,320.0,311.0,317.95,317.35,314.44,407,1.28,48, -, -
DALBHARAT, EQ, 14-Jul-2026,1757.1,1755.0,1773.1,1731.8,1760.2,1761.7,1762.23,212804,3750.1,21925, 99913, 46.95
DALMIASUG, EQ, 14-Jul-2026,366.05,367.0,373.0,358.65,363.7,364.0,365.11,159107,580.91,4460, 55340, 34.78
DAMCAPITAL, EQ, 14-Jul-2026,161.97,160.91,160.97,156.28,157.0,157.05,158.13,320904,507.43,4006, 151467, 47.20
DAMODARIND, BE, 14-Jul-2026,30.1,30.2,31.04,29.5,30.49,30.48,30.12,5865,1.77,22, -, -
DANGEE, EQ, 14-Jul-2026,3.2,3.18,3.26,3.15,3.19,3.19,3.22,51272,1.65,67, 43883, 85.59
DANISH, SM, 14-Jul-2026,898.75,898.75,898.75,867.0,880.1,872.7,881.74,39750,350.49,152, 31050, 78.11
DATAMATICS, EQ, 14-Jul-2026,896.3,897.2,897.35,852.6,859.0,860.55,867.77,153993,1336.31,12262, 66946, 43.47
DATAPATTNS, EQ, 14-Jul-2026,4270.3,4255.0,4285.9,4161.0,4224.0,4214.5,4197.33,460480,19327.88,53642, 147861, 32.11
DAVANGERE, EQ, 14-Jul-2026,3.49,3.54,3.7,3.43,3.46,3.48,3.54,13214913,468.22,3027, 2646118, 20.02
DBCORP, EQ, 14-Jul-2026,202.39,203.0,210.0,200.38,206.3,206.07,205.66,324225,666.8,6139, 116081, 35.80
DBEIL, BE, 14-Jul-2026,8.12,8.36,8.38,7.95,8.1,8.17,8.05,83425,6.72,273, -, -
DBL, EQ, 14-Jul-2026,418.15,418.0,418.9,410.0,412.9,411.6,412.4,74393,306.79,3543, 38902, 52.29
DBOL, BE, 14-Jul-2026,116.27,119.99,122.08,114.01,117.9,118.16,118.97,144476,171.88,996, -, -
DBREALTY, BE, 14-Jul-2026,119.42,119.49,124.0,116.0,122.55,122.51,120.97,752557,910.37,2739, -, -
DBSTOCKBRO, BE, 14-Jul-2026,41.0,39.6,40.69,38.95,40.0,40.0,39.97,107409,42.93,131, -, -
DCAL, EQ, 14-Jul-2026,196.93,196.01,196.01,192.01,195.9,194.94,193.89,202834,393.27,3552, 106853, 52.68
DCBBANK, EQ, 14-Jul-2026,192.24,191.11,191.55,185.55,187.0,187.38,188.6,1101456,2077.32,33300, 619804, 56.27
DCCL, SM, 14-Jul-2026,45.15,45.15,45.15,43.0,45.0,44.3,44.56,40000,17.83,13, 38000, 95.00
DCG, SM, 14-Jul-2026,50.65,51.0,53.45,51.0,53.45,53.45,52.44,12000,6.29,10, 10800, 90.00
DCI, EQ, 14-Jul-2026,277.7,277.0,287.0,274.7,283.0,279.9,280.86,4746,13.33,362, 3537, 74.53
DCM, BE, 14-Jul-2026,96.02,95.26,100.82,94.6,99.0,98.37,98.89,13453,13.3,90, -, -
DCMFINSERV, BE, 14-Jul-2026,5.38,5.13,5.4,5.13,5.34,5.34,5.34,4800,0.26,19, -, -
DCMNVL, BE, 14-Jul-2026,148.0,150.49,151.0,146.15,147.3,147.56,147.97,5120,7.58,31, -, -
DCMSHRIRAM, EQ, 14-Jul-2026,1035.8,1036.0,1052.4,1025.1,1027.0,1028.3,1038.67,40681,422.54,5258, 17848, 43.87
DCMSIL, BE, 14-Jul-2026,78.34,79.9,79.9,79.9,79.9,79.9,79.9,6829,5.46,24, -, -
DCMSRIND, EQ, 14-Jul-2026,41.53,41.0,42.9,40.76,40.93,40.99,41.9,149690,62.72,1173, 84579, 56.50
DCW, EQ, 14-Jul-2026,49.11,49.0,49.11,46.75,47.49,47.21,47.71,945637,451.2,4451, 492731, 52.11
DCXINDIA, EQ, 14-Jul-2026,196.21,194.99,195.8,191.9,193.6,193.47,193.44,1008180,1950.25,8176, 463451, 45.97
DDEVPLSTIK, EQ, 14-Jul-2026,294.15,292.65,302.4,290.05,290.25,292.2,295.51,233464,689.9,7852, 89265, 38.24
DECCANCE, EQ, 14-Jul-2026,577.55,575.95,578.05,566.15,568.2,568.65,570.49,2948,16.82,244, 1711, 58.04
DECCANTRAN, SM, 14-Jul-2026,21.0,21.0,21.0,21.0,21.0,21.0,21.0,1200,0.25,1, 1200, 100.00
DECNGOLD, EQ, 14-Jul-2026,199.32,198.61,206.19,196.81,200.9,200.9,202.77,1736040,3520.09,18196, 515798, 29.71
DEEDEV, BE, 14-Jul-2026,672.65,672.65,705.0,661.0,687.0,691.6,691.46,104744,724.26,1572, -, -
DEEM, ST, 14-Jul-2026,54.95,52.3,52.3,52.25,52.25,52.25,52.28,2000,1.05,2, 2000, 100.00
DEEPAKFERT, EQ, 14-Jul-2026,1513.4,1510.9,1572.6,1500.2,1540.0,1542.0,1536.37,354675,5449.11,23799, 115746, 32.63
DEEPAKNTR, EQ, 14-Jul-2026,1667.2,1663.9,1707.9,1646.7,1670.0,1669.3,1682.56,314981,5299.76,30567, 133460, 42.37
DEEPINDS, EQ, 14-Jul-2026,462.7,467.2,473.65,459.05,465.0,465.6,466.16,148589,692.67,6789, 65470, 44.06
DEFENCE, EQ, 14-Jul-2026,78.54,79.44,79.44,77.11,77.77,77.87,77.78,272945,212.3,896, 215677, 79.02
DELAPLEX, SM, 14-Jul-2026,102.0,100.25,101.0,99.6,99.6,99.6,100.54,4200,4.22,4, 3600, 85.71
DELHIVERY, EQ, 14-Jul-2026,512.3,510.0,517.85,505.05,511.05,512.1,512.71,2962078,15186.84,53087, 1668039, 56.31
DELPHIFX, BE, 14-Jul-2026,8.86,9.11,9.11,8.42,8.42,8.43,8.55,159260,13.62,215, -, -
DELTACORP, EQ, 14-Jul-2026,64.74,64.94,69.2,64.15,65.31,66.25,66.16,4456642,2948.3,20949, 795542, 17.85
DELTAMAGNT, EQ, 14-Jul-2026,59.56,59.39,61.24,58.12,58.29,58.28,58.89,847,0.5,23, 609, 71.90
DELTIC, ST, 14-Jul-2026,34.0,35.2,35.2,32.8,34.7,34.0,34.71,18000,6.25,7, 17000, 94.44
DEN, EQ, 14-Jul-2026,30.1,30.1,30.99,30.0,30.39,30.3,30.38,912233,277.12,4418, 355088, 38.93
DENEERS, SM, 14-Jul-2026,172.7,166.0,187.4,165.0,187.4,183.25,171.75,58800,100.99,84, 22800, 38.78
DENORA, EQ, 14-Jul-2026,883.2,884.8,904.9,876.05,901.0,901.15,894.68,5702,51.01,720, 2883, 50.56
DENTA, EQ, 14-Jul-2026,345.95,343.7,343.7,334.0,336.45,335.4,336.89,189614,638.79,5047, 97268, 51.30
DENTALKART, SM, 14-Jul-2026,371.35,370.05,376.0,370.0,376.0,376.0,373.22,11500,42.92,28, 10000, 86.96
DEVIT, EQ, 14-Jul-2026,28.08,28.08,29.48,27.7,28.0,27.89,28.58,68042,19.45,1218, 29946, 44.01
DEVX, EQ, 14-Jul-2026,34.9,34.99,35.0,34.0,34.8,34.9,34.83,122972,42.83,574, 107696, 87.58
DEVYANI, EQ, 14-Jul-2026,113.94,113.25,113.8,111.11,111.4,111.35,111.92,989475,1107.44,9515, 555857, 56.18
DGCONTENT, EQ, 14-Jul-2026,26.0,26.74,27.0,25.61,25.95,26.07,26.42,16689,4.41,97, 13169, 78.91
DHAMPURSUG, EQ, 14-Jul-2026,143.97,144.47,147.0,143.4,144.05,144.47,145.06,212633,308.45,2965, 84638, 39.80
DHANBANK, EQ, 14-Jul-2026,34.85,34.85,34.9,33.7,33.99,34.0,34.09,1084060,369.52,4078, 569740, 52.56
DHANUKA, EQ, 14-Jul-2026,1043.6,1045.5,1045.5,1019.0,1020.0,1022.6,1028.78,27856,286.58,2227, 17584, 63.12
DHARAN, BZ, 14-Jul-2026,0.15,0.16,0.16,0.15,0.16,0.15,0.16,38654870,61.49,1133, -, -
DHARARAIL, ST, 14-Jul-2026,138.95,134.0,134.0,133.05,133.05,133.05,133.53,2000,2.67,2, 2000, 100.00
DHARIWAL, SM, 14-Jul-2026,32.15,33.5,33.5,33.5,33.5,33.5,33.5,3000,1.01,1, 3000, 100.00
DHARMAJ, EQ, 14-Jul-2026,256.2,256.2,260.7,256.2,260.0,258.55,258.67,15443,39.95,1609, 10676, 69.13
DHRUV, BE, 14-Jul-2026,26.92,26.9,27.8,26.9,26.9,26.9,26.94,5634,1.52,18, -, -
DHUNINV, EQ, 14-Jul-2026,996.75,998.9,1003.9,960.3,976.45,966.45,983.7,1011,9.95,98, 761, 75.27
DIACABS, EQ, 14-Jul-2026,227.46,226.1,230.95,222.27,224.11,224.97,227.01,3307812,7509.2,32226, 1213240, 36.68
DIAMINESQ, EQ, 14-Jul-2026,270.61,268.19,278.59,268.1,270.4,271.51,273.19,4941,13.5,264, 2509, 50.78
DIAMONDYD, EQ, 14-Jul-2026,1197.1,1193.6,1200.9,1185.7,1191.2,1195.8,1194.62,7808,93.28,950, 4178, 53.51
DICIND, EQ, 14-Jul-2026,524.15,522.15,526.05,511.5,518.6,518.05,522.01,569,2.97,49, 493, 86.64
DIFFNKG, EQ, 14-Jul-2026,396.05,392.0,402.65,386.0,388.0,392.55,394.69,56829,224.3,2712, 28971, 50.98
DIGIDRIVE, EQ, 14-Jul-2026,18.98,18.51,18.99,18.51,18.95,18.75,18.85,11153,2.1,96, 9736, 87.29
DIGIKORE, SM, 14-Jul-2026,51.15,50.25,53.9,48.65,50.0,50.4,52.03,145600,75.75,193, 111600, 76.65
DIGISPICE, BE, 14-Jul-2026,19.07,18.7,19.44,18.21,19.23,19.23,19.05,164003,31.25,419, -, -
DIGITIDE, EQ, 14-Jul-2026,106.71,106.5,106.5,101.5,103.0,102.71,103.86,326183,338.76,3184, 123092, 37.74
DIGJAMLMTD, EQ, 14-Jul-2026,44.09,44.09,44.72,42.52,43.05,43.38,43.39,6369,2.76,64, 4817, 75.63
DISAQ, EQ, 14-Jul-2026,12264.0,12180.0,12246.0,11730.0,12000.0,12025.0,12045.26,327,39.39,291, 80, 24.46
DISHTV, BE, 14-Jul-2026,2.97,2.97,2.98,2.94,2.98,2.97,2.96,513925,15.19,771, -, -
DIVGIITTS, EQ, 14-Jul-2026,959.35,958.0,969.8,941.05,951.0,949.8,953.53,30505,290.87,2971, 14605, 47.88
DIVIDEND, EQ, 14-Jul-2026,35.2,35.13,35.25,34.96,35.03,35.04,35.04,9719,3.41,71, 5989, 61.62
DIVINEHIRA, ST, 14-Jul-2026,110.9,105.65,111.5,105.4,111.4,111.4,108.34,28800,31.2,24, 21600, 75.00
DIVISLAB, EQ, 14-Jul-2026,6938.5,6960.0,7208.5,6909.0,7196.0,7188.5,7087.86,1093244,77487.57,84227, 435957, 39.88
DIVOPPBEES, EQ, 14-Jul-2026,76.92,77.8,77.8,76.15,76.38,76.3,76.45,30082,23.0,824, 17427, 57.93
DIXON, EQ, 14-Jul-2026,13490.0,13390.0,13435.0,13180.0,13342.0,13365.0,13338.64,396507,52888.65,56958, 120542, 30.40
DJML, EQ, 14-Jul-2026,111.8,107.71,109.2,100.62,100.75,100.95,104.01,134108,139.49,2589, 70425, 52.51
DLF, EQ, 14-Jul-2026,682.35,678.0,681.6,665.4,672.9,671.45,670.85,2589578,17372.07,39632, 1136002, 43.87
DLINKINDIA, EQ, 14-Jul-2026,488.75,484.05,487.6,466.35,470.0,469.2,472.66,301484,1425.0,7499, 137208, 45.51
DMART, EQ, 14-Jul-2026,3994.1,3988.9,3994.4,3895.1,3919.6,3915.9,3927.94,678162,26637.82,63898, 325032, 47.93
DMCC, EQ, 14-Jul-2026,263.15,260.2,265.5,255.35,256.0,258.3,261.5,13724,35.89,517, 9920, 72.28
DNAMEDIA, EQ, 14-Jul-2026,2.83,2.83,2.89,2.75,2.79,2.77,2.8,16384,0.46,160, 12656, 77.25
DODLA, EQ, 14-Jul-2026,1110.6,1100.1,1124.1,1086.1,1106.9,1093.6,1096.7,8540,93.66,2028, 5065, 59.31
DOLATALGO, EQ, 14-Jul-2026,73.27,72.9,73.9,71.65,72.0,72.15,72.43,47281,34.24,1074, 33522, 70.90
DOLLAR, EQ, 14-Jul-2026,268.9,266.1,267.35,261.25,262.3,262.55,263.93,180358,476.02,6946, 121060, 67.12
DOLLEX, SM, 14-Jul-2026,28.75,29.05,30.7,29.05,30.0,30.0,29.9,24000,7.18,6, 20000, 83.33
DOLPHIN, EQ, 14-Jul-2026,393.95,395.9,405.0,386.55,395.1,396.55,396.13,9345,37.02,452, 5299, 56.70
DOMS, EQ, 14-Jul-2026,2359.5,2369.0,2369.0,2288.0,2290.1,2295.0,2306.47,67545,1557.91,7233, 40998, 60.70
DONEAR, EQ, 14-Jul-2026,85.71,85.71,86.84,84.92,85.1,86.29,85.66,11906,10.2,553, 4902, 41.17
DPABHUSHAN, EQ, 14-Jul-2026,1161.45,1156.1,1183.0,1156.1,1176.0,1172.05,1168.49,23215,271.27,1967, 10087, 43.45
DPEL, SM, 14-Jul-2026,587.2,592.45,593.9,583.5,590.5,588.45,588.59,46000,270.75,84, 30000, 65.22
DPSCLTD, BE, 14-Jul-2026,7.46,7.27,7.49,7.1,7.38,7.34,7.3,99574,7.27,471, -, -
DPWIRES, BE, 14-Jul-2026,176.98,177.0,180.0,175.0,176.0,176.14,177.45,6577,11.67,157, -, -
DRAGARWQ, EQ, 14-Jul-2026,4997.0,4960.5,5069.5,4950.0,5025.0,5008.5,5005.09,357,17.87,149, 234, 65.55
DRCSYSTEMS, EQ, 14-Jul-2026,13.81,13.97,13.97,13.62,13.75,13.66,13.71,23123,3.17,170, 19884, 85.99
DREAMFOLKS, EQ, 14-Jul-2026,69.95,69.15,71.12,68.5,68.56,68.68,69.59,38276,26.64,1107, 20533, 53.64
DREDGECORP, EQ, 14-Jul-2026,1042.8,1042.8,1042.8,1021.2,1023.4,1024.7,1027.69,70023,719.62,3788, 35876, 51.23
DRONE, ST, 14-Jul-2026,39.75,39.65,39.7,38.1,39.0,38.9,38.9,13000,5.06,21, 12000, 92.31
DRREDDY, EQ, 14-Jul-2026,1234.5,1234.5,1248.0,1231.2,1245.8,1246.2,1243.81,1984818,24687.43,75080, 1221686, 61.55
DSFCL, BE, 14-Jul-2026,23.44,23.25,24.6,23.25,23.5,23.5,23.68,98913,23.42,178, -, -
DSSL, EQ, 14-Jul-2026,1287.2,1299.0,1300.0,1256.0,1274.6,1268.3,1274.06,27900,355.46,2999, 15460, 55.41
DTIL, EQ, 14-Jul-2026,136.96,139.9,141.35,137.01,140.9,139.17,138.94,1207,1.68,78, 640, 53.02
DUCOL, SM, 14-Jul-2026,107.3,107.25,107.25,107.25,107.25,107.25,107.25,800,0.86,1, 800, 100.00
DUCON, EQ, 14-Jul-2026,3.07,3.1,3.27,3.02,3.09,3.03,3.1,362612,11.25,443, 206190, 56.86
DUGLOBAL, ST, 14-Jul-2026,32.05,31.4,31.4,30.45,30.45,30.45,30.61,15000,4.59,6, 15000, 100.00
DURLAX, ST, 14-Jul-2026,48.5,48.5,49.0,47.0,49.0,49.0,48.13,30000,14.44,14, 28000, 93.33
DVL, EQ, 14-Jul-2026,243.78,243.78,244.79,238.2,239.94,238.34,241.4,15134,36.53,419, 11224, 74.16
DWARKESH, EQ, 14-Jul-2026,43.84,44.0,44.8,43.56,43.79,43.86,44.03,581359,255.96,2755, 199197, 34.26
DYCL, EQ, 14-Jul-2026,369.65,364.7,409.1,352.3,392.2,390.85,395.73,9520977,37676.94,161120, 727460, 7.64
DYNAMATECH, EQ, 14-Jul-2026,10408.0,10382.0,10472.0,10242.0,10322.0,10336.0,10314.9,5002,515.95,2026, 2205, 44.08
DYNAMIC, ST, 14-Jul-2026,163.9,158.6,163.0,157.0,162.9,162.95,160.27,9500,15.23,11, 9500, 100.00
DYNPRO, EQ, 14-Jul-2026,233.88,232.91,234.28,229.05,230.3,231.0,232.72,6161,14.34,329, 4393, 71.30
E2E, EQ, 14-Jul-2026,386.95,386.95,405.0,380.0,396.6,394.6,394.98,1171985,4629.06,22883, 501277, 42.77
E2ERAIL, ST, 14-Jul-2026,276.6,277.3,283.5,265.0,271.95,271.45,274.1,42400,116.22,47, 39200, 92.45
EASEMYTRIP, EQ, 14-Jul-2026,7.04,6.85,7.04,6.85,6.98,6.96,6.97,7435154,518.09,6847, 3222682, 43.34
EASTSILK, BE, 14-Jul-2026,48.74,48.74,48.74,48.74,48.74,48.74,48.74,20,0.01,1, -, -
EBANKNIFTY, EQ, 14-Jul-2026,58.71,58.38,58.41,57.79,58.11,58.11,58.07,712,0.41,21, 562, 78.93
EBBETF0430, EQ, 14-Jul-2026,1605.11,1614.0,1614.0,1597.0,1609.35,1609.28,1609.07,4787,77.03,302, 3239, 67.66
EBBETF0431, EQ, 14-Jul-2026,1437.36,1448.37,1448.37,1428.03,1437.98,1432.4,1433.07,55176,790.71,254, 53931, 97.74
EBBETF0433, EQ, 14-Jul-2026,1316.14,1316.23,1316.23,1307.01,1307.32,1307.97,1310.81,2284,29.94,119, 1719, 75.26
EBGNG, EQ, 14-Jul-2026,608.55,585.95,613.85,582.05,586.0,586.95,592.25,613917,3635.95,17291, 343704, 55.99
ECAPINSURE, EQ, 14-Jul-2026,24.64,24.94,24.94,24.35,24.64,24.55,24.49,11632,2.85,232, 8264, 71.05
ECLERX, EQ, 14-Jul-2026,1662.9,1658.4,1723.0,1620.0,1723.0,1718.3,1686.11,551894,9305.54,43030, 276688, 50.13
ECOLINE, ST, 14-Jul-2026,200.0,200.0,200.0,199.9,199.9,199.9,199.97,3000,6.0,2, 3000, 100.00
ECOSMOBLTY, BE, 14-Jul-2026,128.73,127.05,130.0,127.05,128.4,128.16,128.62,17389,22.37,247, -, -
EDELWEISS, EQ, 14-Jul-2026,123.93,123.5,123.5,119.15,119.26,119.54,120.31,1588683,1911.36,13553, 786317, 49.49
EEPL, SM, 14-Jul-2026,111.95,112.3,115.7,112.3,115.7,115.7,113.76,9000,10.24,8, 7000, 77.78
EFACTOR, SM, 14-Jul-2026,160.0,160.0,160.0,160.0,160.0,160.0,160.0,800,1.28,1, 800, 100.00
EFCIL, EQ, 14-Jul-2026,195.34,193.0,199.0,192.0,198.5,197.51,195.62,215767,422.09,3332, 130043, 60.27
EFFWA, ST, 14-Jul-2026,370.35,370.0,383.25,370.0,380.0,380.0,379.01,3200,12.13,8, 3200, 100.00
EFORCE, SM, 14-Jul-2026,22.35,22.35,23.4,22.35,23.4,23.35,23.14,9600,2.22,8, 8400, 87.50
EGOLD, EQ, 14-Jul-2026,141.7,141.4,141.4,140.05,140.55,140.5,140.52,24677,34.68,406, 15303, 62.01
EICHERMOT, EQ, 14-Jul-2026,7296.5,7257.0,7313.0,7140.0,7259.0,7279.5,7255.45,458624,33275.24,53319, 259069, 56.49
EIDPARRY, EQ, 14-Jul-2026,784.7,780.05,780.95,764.55,780.0,779.0,774.57,390315,3023.26,17058, 213353, 54.66
EIEL, EQ, 14-Jul-2026,235.89,234.9,235.64,226.62,227.25,227.5,229.15,1560108,3574.93,18943, 764648, 49.01
EIFFL, BE, 14-Jul-2026,331.95,335.25,335.25,315.45,335.0,334.3,328.64,7955,26.14,92, -, -
EIHAHOTELS, EQ, 14-Jul-2026,326.25,328.4,330.9,323.05,330.0,329.45,328.78,22728,74.73,1166, 13092, 57.60
EIHOTEL, EQ, 14-Jul-2026,337.05,333.65,340.9,332.1,336.5,336.8,338.22,260018,879.44,10583, 160956, 61.90
EIMCOELECO, EQ, 14-Jul-2026,1792.0,1799.9,1799.9,1750.7,1770.0,1765.9,1769.18,23304,412.29,2937, 10262, 44.04
EKC, EQ, 14-Jul-2026,115.53,114.06,115.39,113.25,114.9,114.54,114.14,101740,116.13,1414, 56808, 55.84
ELANTAS, EQ, 14-Jul-2026,9461.0,9529.0,9543.0,9408.0,9421.0,9522.0,9479.15,493,46.73,242, 257, 52.13
ELCIDIN, EQ, 14-Jul-2026,113985.0,113990.0,114555.0,112075.0,112075.0,112075.0,112962.0,5,5.65,5, 3, 60.00
ELDEHSG, EQ, 14-Jul-2026,788.05,795.9,795.9,788.0,788.6,788.6,788.56,29,0.23,3, 15, 51.72
ELECON, EQ, 14-Jul-2026,502.0,501.0,503.3,483.6,486.0,486.55,490.57,402233,1973.23,14164, 211457, 52.57
ELECTCAST, EQ, 14-Jul-2026,77.81,77.0,77.88,75.77,76.1,76.02,76.57,1207840,924.85,7945, 849019, 70.29
ELECTHERM, EQ, 14-Jul-2026,1099.6,1115.0,1115.0,1080.0,1082.0,1082.8,1092.97,6421,70.18,783, 3057, 47.61
ELGIEQUIP, EQ, 14-Jul-2026,573.2,568.0,578.45,565.4,572.0,576.65,572.53,176276,1009.24,12260, 97200, 55.14
ELGIRUBCO, EQ, 14-Jul-2026,57.34,55.25,57.6,55.25,57.6,57.15,56.94,31001,17.65,767, 12277, 39.60
ELGNZ, SM, 14-Jul-2026,85.8,84.15,91.8,84.15,91.8,91.0,88.14,36000,31.73,34, 25000, 69.44
ELIN, EQ, 14-Jul-2026,99.35,99.44,104.38,98.49,103.35,101.36,100.76,342934,345.53,3018, 237458, 69.24
ELIQUID, EQ, 14-Jul-2026,1039.08,1039.22,1039.24,1039.22,1039.24,1039.23,1039.23,24981,259.61,12, 14231, 56.97
ELITECON, EQ, 14-Jul-2026,19.98,19.94,20.71,17.75,18.0,18.47,19.21,9401111,1805.65,19803, 4125628, 43.88
ELLEN, EQ, 14-Jul-2026,296.05,296.3,296.95,284.6,285.0,286.15,289.28,220064,636.6,5570, 129263, 58.74
ELM250, EQ, 14-Jul-2026,16.59,16.92,16.92,16.52,16.61,16.57,16.6,26115,4.33,94, 24765, 94.83
ELPROINTL, EQ, 14-Jul-2026,173.81,171.2,174.4,171.2,174.33,174.15,174.0,18314,31.87,130, 15090, 82.40
EMAMILTD, EQ, 14-Jul-2026,427.25,427.25,427.8,418.0,418.5,420.95,422.08,1273497,5375.18,7222, 1175871, 92.33
EMAMIPAP, EQ, 14-Jul-2026,88.44,87.0,89.0,87.0,88.03,88.34,88.38,13861,12.25,324, 10191, 73.52
EMAMIREAL, BE, 14-Jul-2026,79.21,78.99,79.95,76.25,79.38,79.12,78.52,2749,2.16,55, -, -
EMBASSY, RR, 14-Jul-2026,443.45,444.4,447.9,441.01,442.36,442.81,443.54,209903,931.01,17179, 159457, 75.97
EMBDL, EQ, 14-Jul-2026,66.93,66.45,66.93,64.11,64.5,64.79,64.93,1985395,1289.1,9628, 1159515, 58.40
EMCURE, EQ, 14-Jul-2026,1793.3,1789.7,1840.0,1786.1,1810.0,1810.1,1813.99,138088,2504.9,12482, 56964, 41.25
EMIL, EQ, 14-Jul-2026,131.82,130.01,132.8,127.4,132.32,132.01,130.05,662505,861.58,12484, 323068, 48.76
EMKAY, EQ, 14-Jul-2026,264.75,263.9,263.9,258.3,260.0,259.75,260.04,24285,63.15,954, 18059, 74.36
EMKAYTOOLS, SM, 14-Jul-2026,94.8,92.95,96.8,85.5,92.0,92.0,89.68,6000,5.38,39, 3900, 65.00
EMMBI, BE, 14-Jul-2026,91.67,91.67,92.8,90.1,92.3,91.54,91.5,4322,3.95,42, -, -
EMMIL, SM, 14-Jul-2026,127.0,125.0,131.0,125.0,131.0,131.0,126.76,3500,4.44,11, 3250, 92.86
EMMVEE, EQ, 14-Jul-2026,339.2,337.95,347.3,333.0,334.2,334.15,339.58,2680086,9101.08,38614, 1181446, 44.08
EMPOWER, BE, 14-Jul-2026,2.19,2.23,2.29,2.2,2.25,2.24,2.24,4188050,93.77,1646, -, -
EMSLIMITED, EQ, 14-Jul-2026,441.15,445.0,449.9,427.05,430.3,429.55,435.83,985942,4297.01,18497, 275240, 27.92
EMUDHRA, EQ, 14-Jul-2026,456.15,454.7,465.0,453.0,460.7,458.7,460.3,169797,781.58,6404, 72581, 42.75
EMULTIMQ, EQ, 14-Jul-2026,41.6,41.37,41.37,41.06,41.3,41.27,41.24,23394,9.65,222, 16846, 72.01
ENCOMPAS, SM, 14-Jul-2026,248.5,251.0,255.15,245.0,245.0,246.4,249.14,10000,24.91,21, 8800, 88.00
ENDURANCE, EQ, 14-Jul-2026,2698.2,2671.0,2690.0,2621.0,2661.2,2681.1,2657.96,105883,2814.33,15966, 53369, 50.40
ENERGY, EQ, 14-Jul-2026,39.31,39.32,39.44,39.17,39.41,39.34,39.32,110689,43.52,661, 79440, 71.77
ENERGYDEV, EQ, 14-Jul-2026,17.2,17.37,17.49,16.72,17.01,17.0,17.01,33155,5.64,178, 24261, 73.17
ENEXT50, EQ, 14-Jul-2026,71.86,71.0,71.76,71.0,71.63,71.63,71.16,288,0.2,9, 255, 88.54
ENFUSE, SM, 14-Jul-2026,170.2,172.0,172.45,169.0,171.0,171.0,171.11,2400,4.11,4, 1800, 75.00
ENGINERSIN, EQ, 14-Jul-2026,236.66,235.0,235.48,226.24,229.0,228.68,228.6,3320512,7590.64,37970, 1644067, 49.51
ENIFTY, EQ, 14-Jul-2026,24.36,24.96,24.96,24.15,24.19,24.17,24.17,61701,14.91,52, 61514, 99.70
ENIL, EQ, 14-Jul-2026,105.98,107.16,107.48,105.4,106.0,106.31,105.95,211957,224.57,1221, 199437, 94.09
ENRIN, EQ, 14-Jul-2026,3404.3,3379.0,3475.0,3344.3,3385.0,3389.6,3377.04,313888,10600.11,38448, 141447, 45.06
ENSER, ST, 14-Jul-2026,14.0,13.95,13.95,13.95,13.95,13.95,13.95,5000,0.7,1, 5000, 100.00
ENTERO, EQ, 14-Jul-2026,1241.8,1248.4,1250.0,1219.5,1248.0,1241.6,1243.72,81441,1012.9,10060, 46474, 57.06
ENVIRO, SM, 14-Jul-2026,85.0,84.0,85.0,82.0,85.0,85.0,83.8,15000,12.57,14, 11000, 73.33
EPACK, EQ, 14-Jul-2026,241.8,240.86,241.54,236.0,236.9,237.29,238.09,359973,857.06,6318, 142858, 39.69
EPACKPEB, EQ, 14-Jul-2026,278.32,278.0,281.08,266.0,275.5,275.75,273.84,842455,2306.94,15906, 261076, 30.99
EPIGRAL, EQ, 14-Jul-2026,1068.5,1069.0,1070.0,1033.1,1051.8,1048.0,1044.73,67074,700.74,4648, 32266, 48.11
EPL, EQ, 14-Jul-2026,236.83,235.1,236.8,232.89,234.98,234.78,234.75,224417,526.81,7395, 120905, 53.88
EPWINDIA, ST, 14-Jul-2026,277.85,282.0,282.05,276.0,280.0,280.0,278.75,14400,40.14,12, 14400, 100.00
EQUAL200, EQ, 14-Jul-2026,13.8,13.75,13.77,13.68,13.74,13.74,13.72,11059,1.52,42, 7750, 70.08
EQUAL50, EQ, 14-Jul-2026,331.56,330.77,330.84,328.42,329.01,329.06,329.64,6161,20.31,39, 5541, 89.94
EQUAL50ADD, EQ, 14-Jul-2026,342.53,341.97,342.0,339.0,340.88,339.54,339.86,76289,259.27,325, 72412, 94.92
EQUIPPP, BE, 14-Jul-2026,24.21,24.21,24.74,23.21,24.36,24.48,24.3,57527,13.98,73, -, -
EQUITASBNK, EQ, 14-Jul-2026,83.07,83.38,83.38,79.55,80.09,79.94,80.77,2820502,2278.02,14663, 1389688, 49.27
ERIS, EQ, 14-Jul-2026,1449.9,1454.9,1473.2,1426.8,1441.6,1453.1,1453.1,65995,958.97,12186, 41671, 63.14
ESABINDIA, EQ, 14-Jul-2026,5687.5,5693.0,5707.5,5622.0,5663.0,5651.0,5638.94,2492,140.52,788, 1877, 75.32
ESAFSFB, EQ, 14-Jul-2026,35.43,35.35,35.58,34.53,35.13,35.04,35.04,1085000,380.2,3584, 554457, 51.10
ESCONET, ST, 14-Jul-2026,121.0,127.05,127.05,125.0,127.05,127.05,126.68,38800,49.15,72, 38400, 98.97
ESCORTS, EQ, 14-Jul-2026,2969.7,2958.0,2968.0,2919.7,2930.5,2928.4,2932.63,45372,1330.59,5399, 27979, 61.67
ESENSEX, EQ, 14-Jul-2026,77.79,77.79,77.79,77.5,77.79,77.75,77.62,121,0.09,13, 87, 71.90
ESFL, ST, 14-Jul-2026,112.1,111.55,116.4,111.55,114.0,114.0,114.12,5040,5.75,14, 5040, 100.00
ESG, EQ, 14-Jul-2026,41.65,42.04,42.35,41.37,41.52,41.43,41.44,122151,50.62,89, 117717, 96.37
ESILVER, EQ, 14-Jul-2026,216.57,214.47,218.06,214.47,217.45,217.72,217.7,535708,1166.22,1962, 509545, 95.12
ESPRIT, SM, 14-Jul-2026,57.45,57.1,59.5,57.1,57.25,57.25,58.08,9600,5.58,6, 6400, 66.67
ESSARSHPNG, EQ, 14-Jul-2026,22.24,22.38,22.38,18.61,20.15,20.17,19.86,2630073,522.3,10183, 1354257, 51.49
ESSENTIA, BE, 14-Jul-2026,1.2,1.23,1.23,1.2,1.21,1.21,1.21,1136864,13.79,543, -, -
ESTER, EQ, 14-Jul-2026,89.92,89.92,90.0,86.72,87.35,88.55,88.78,53982,47.93,1410, 30090, 55.74
ETERNAL, EQ, 14-Jul-2026,285.2,283.05,287.9,278.55,286.0,286.15,282.96,42966836,121577.59,151895, 27525205, 64.06
ETHOSLTD, EQ, 14-Jul-2026,2649.0,2649.0,2713.0,2594.5,2685.0,2645.7,2648.92,36160,957.85,6303, 14479, 40.04
ETL, SM, 14-Jul-2026,987.5,985.0,985.0,950.0,950.0,950.0,962.67,900,8.66,5, 900, 100.00
ETML, SM, 14-Jul-2026,82.5,82.5,82.5,80.4,80.4,80.45,81.8,10800,8.83,8, 6000, 55.56
EUREKAFORB, EQ, 14-Jul-2026,459.8,459.8,474.05,458.15,467.05,469.0,467.2,339445,1585.88,12595, 122755, 36.16
EUROBOND, EQ, 14-Jul-2026,168.16,166.0,169.75,160.0,163.0,163.06,163.21,13459,21.97,669, 7581, 56.33
EUROPRATIK, EQ, 14-Jul-2026,312.4,310.0,313.85,305.55,309.0,311.75,308.94,114337,353.23,2934, 26343, 23.04
EUROTEXIND, BE, 14-Jul-2026,14.51,14.51,14.51,14.51,14.51,14.51,14.51,313,0.05,2, -, -
EVEREADY, EQ, 14-Jul-2026,354.25,351.45,358.0,345.0,346.9,346.3,351.61,168352,591.94,7519, 61669, 36.63
EVERESTIND, BE, 14-Jul-2026,513.4,513.0,534.9,513.0,519.0,521.3,524.35,23436,122.89,312, -, -
EVIETF, EQ, 14-Jul-2026,31.49,31.79,32.12,31.05,31.62,31.19,31.17,257400,80.23,618, 150810, 58.59
EVINDIA, EQ, 14-Jul-2026,31.45,32.23,32.23,31.05,31.1,31.13,31.13,448914,139.74,1973, 358334, 79.82
EXCELINDUS, EQ, 14-Jul-2026,911.4,911.45,911.45,887.6,890.0,890.85,895.51,14145,126.67,639, 11760, 83.14
EXCELLENT, ST, 14-Jul-2026,204.9,205.0,205.0,200.0,202.55,202.55,201.9,6400,12.92,4, 6400, 100.00
EXCELSOFT, EQ, 14-Jul-2026,79.93,79.93,80.09,78.5,78.7,78.77,79.31,209919,166.48,1698, 114225, 54.41
EXICOM, EQ, 14-Jul-2026,168.35,167.0,168.34,161.2,162.0,163.06,164.66,1174422,1933.76,10547, 431978, 36.78
EXIDEIND, EQ, 14-Jul-2026,423.4,421.0,424.0,417.8,418.25,419.45,420.24,1745862,7336.76,26326, 604100, 34.60
EXIMROUTES, SM, 14-Jul-2026,108.0,108.0,110.0,108.0,110.0,110.0,109.99,199200,219.1,5, 199200, 100.00
EXPLEOSOL, EQ, 14-Jul-2026,823.05,822.0,831.0,801.2,804.0,803.15,814.49,15304,124.65,1443, 7715, 50.41
EXXARO, EQ, 14-Jul-2026,6.55,6.52,6.75,6.52,6.53,6.53,6.59,167529,11.03,393, 82202, 49.07
FABTECH, EQ, 14-Jul-2026,158.27,158.9,159.8,155.22,158.86,158.1,156.82,302022,473.63,2986, 240128, 79.51
FACT, EQ, 14-Jul-2026,855.85,852.0,855.85,841.0,842.0,844.35,846.12,55501,469.61,4992, 25135, 45.29
FAIRCHEMOR, BE, 14-Jul-2026,692.1,692.1,725.0,681.0,706.45,707.65,707.14,7415,52.43,270, -, -
FALCONTECH, SM, 14-Jul-2026,11.55,11.2,11.45,11.2,11.45,11.45,11.25,8400,0.95,7, 4800, 57.14
FAZE3Q, EQ, 14-Jul-2026,593.9,593.9,594.8,570.0,570.0,577.55,581.53,23974,139.42,1067, 17675, 73.73
FCL, EQ, 14-Jul-2026,36.18,36.2,36.94,35.13,35.87,35.69,35.83,6788597,2432.17,17599, 2001590, 29.48
FCSSOFT, BE, 14-Jul-2026,1.57,1.59,1.64,1.58,1.64,1.64,1.63,1488278,24.26,1051, -, -
FDC, EQ, 14-Jul-2026,428.0,428.0,431.85,420.35,423.75,421.65,424.33,81286,344.92,8755, 43190, 53.13
FEDDERSHOL, EQ, 14-Jul-2026,44.21,44.8,45.0,43.95,45.0,44.69,44.54,379541,169.06,2137, 178932, 47.14
FEDERALBNK, EQ, 14-Jul-2026,332.5,331.0,332.8,326.15,328.5,327.5,327.82,3477293,11399.21,53772, 2120793, 60.99
FEDFINA, EQ, 14-Jul-2026,157.25,158.22,158.22,154.0,155.13,154.85,155.35,797593,1239.06,9308, 370016, 46.39
FEL, BZ, 14-Jul-2026,0.37,0.38,0.38,0.38,0.38,0.38,0.38,30922,0.12,48, -, -
FELDVR, BZ, 14-Jul-2026,2.47,2.42,2.5,2.35,2.47,2.47,2.46,1148,0.03,14, -, -
FELIX, SM, 14-Jul-2026,183.95,186.65,187.9,181.5,187.6,185.1,184.45,62500,115.28,78, 30000, 48.00
FERMENTA, EQ, 14-Jul-2026,445.05,442.05,479.45,437.0,458.0,450.1,460.68,891989,4109.24,27875, 298053, 33.41
FIBERWEB, EQ, 14-Jul-2026,31.23,31.0,31.48,30.4,30.9,30.92,30.79,11881,3.66,109, 7720, 64.98
FIDEL, SM, 14-Jul-2026,146.9,141.05,158.4,139.0,158.4,155.65,149.03,14000,20.86,14, 11000, 78.57
FIEMIND, EQ, 14-Jul-2026,2236.8,2236.8,2236.8,2205.1,2229.0,2218.5,2219.89,23590,523.67,5400, 13657, 57.89
FILATEX, EQ, 14-Jul-2026,64.38,64.0,64.0,60.51,61.3,61.69,61.98,2863533,1774.69,13784, 1319733, 46.09
FILATFASH, BE, 14-Jul-2026,0.19,0.19,0.2,0.18,0.19,0.19,0.19,15124174,28.56,2253, -, -
FINBUD, SM, 14-Jul-2026,120.8,123.9,126.75,120.25,126.75,124.9,124.17,27000,33.53,26, 22000, 81.48
FINCABLES, EQ, 14-Jul-2026,1058.4,1050.0,1052.9,1027.7,1032.1,1032.7,1036.52,236877,2455.27,15165, 114972, 48.54
FINEORG, EQ, 14-Jul-2026,5024.0,5050.0,5055.0,4950.0,4965.0,4984.0,4984.21,8593,428.29,1734, 5890, 68.54
FINIETF, EQ, 14-Jul-2026,33.02,32.96,33.0,32.47,32.99,32.62,32.6,322063,104.99,2125, 231584, 71.91
FINKURVE, EQ, 14-Jul-2026,65.73,65.2,66.3,64.0,64.02,65.88,65.76,46556,30.62,464, 38625, 82.96
FINOPB, EQ, 14-Jul-2026,161.33,164.8,189.47,163.65,175.39,176.4,179.53,50668801,90967.71,282261, 2713522, 5.36
FINPIPE, EQ, 14-Jul-2026,168.56,168.8,168.81,166.02,166.42,166.51,166.98,761398,1271.41,14537, 403399, 52.98
FIRSTCRY, EQ, 14-Jul-2026,215.89,215.45,219.94,212.76,215.2,214.83,215.66,940752,2028.85,21496, 449656, 47.80
FISCHER, EQ, 14-Jul-2026,38.27,38.27,38.43,37.45,37.55,37.98,38.09,1937650,738.06,3363, 255062, 13.16
FIVESTAR, EQ, 14-Jul-2026,544.1,542.0,549.9,541.25,547.8,547.0,544.29,552337,3006.29,14468, 338330, 61.25
FLAIR, EQ, 14-Jul-2026,264.15,261.1,265.2,258.65,262.4,261.8,261.66,187384,490.31,2709, 78592, 41.94
FLEXIADD, EQ, 14-Jul-2026,9.94,9.94,9.96,9.84,9.91,9.89,9.9,110435,10.93,263, 93518, 84.68
FLEXITUFF, BE, 14-Jul-2026,5.06,5.13,5.19,4.9,5.09,5.09,5.03,7899,0.4,39, -, -
FLFL, BZ, 14-Jul-2026,1.32,1.35,1.35,1.27,1.28,1.29,1.28,18122,0.23,39, -, -
FLUOROCHEM, EQ, 14-Jul-2026,3899.3,3880.0,3972.9,3839.0,3946.0,3923.9,3906.25,117131,4575.43,15842, 58806, 50.21
FLYSBS, SM, 14-Jul-2026,471.45,471.45,471.45,460.0,460.1,460.6,463.25,29600,137.12,98, 20200, 68.24
FMCGADD, EQ, 14-Jul-2026,49.03,49.13,49.13,48.73,48.76,48.75,48.81,3790,1.85,34, 2665, 70.32
FMCGIETF, EQ, 14-Jul-2026,52.48,52.48,52.75,52.1,52.13,52.15,52.35,1077910,564.24,3674, 651776, 60.47
FMGOETZE, EQ, 14-Jul-2026,471.25,474.8,485.6,463.0,469.0,468.65,473.69,149856,709.85,3759, 101562, 67.77
FMNL, BE, 14-Jul-2026,10.0,9.97,10.09,9.9,9.95,9.95,9.96,8441,0.84,50, -, -
FOCUS, BE, 14-Jul-2026,82.09,82.5,82.5,80.05,80.2,80.44,81.27,3938,3.2,134, -, -
FONEBOX, SM, 14-Jul-2026,74.25,73.0,73.0,73.0,73.0,73.0,73.0,1000,0.73,1, 1000, 100.00
FOODSIN, EQ, 14-Jul-2026,61.1,61.43,63.84,60.49,61.8,61.24,61.53,117528,72.32,1264, 69208, 58.89
FORCAS, SM, 14-Jul-2026,134.95,131.0,135.95,130.5,130.5,132.3,132.58,97600,129.39,60, 72000, 73.77
FORCEMOT, EQ, 14-Jul-2026,17963.0,17895.0,17896.0,17620.0,17642.0,17660.0,17722.76,56254,9969.76,16268, 24017, 42.69
FORTIS, EQ, 14-Jul-2026,963.5,963.5,972.5,960.05,972.0,969.75,964.17,870920,8397.15,21150, 558153, 64.09
FOSECOIND, EQ, 14-Jul-2026,5189.0,5126.0,5220.0,5115.0,5139.0,5135.0,5153.42,1432,73.8,395, 898, 62.71
FRACTAL, EQ, 14-Jul-2026,854.0,848.5,858.45,826.6,836.0,833.7,843.43,307661,2594.9,21616, 137574, 44.72
FRESHARA, SM, 14-Jul-2026,323.55,323.85,323.85,313.0,314.0,314.65,318.46,61200,194.9,83, 37800, 61.76
FROG, ST, 14-Jul-2026,168.65,173.75,173.75,162.3,167.0,167.0,165.17,32800,54.18,44, 31600, 96.34
FRONTSP, EQ, 14-Jul-2026,1429.5,1429.5,1434.9,1402.2,1420.0,1409.2,1413.05,8443,119.3,1555, 4986, 59.05
FSL, EQ, 14-Jul-2026,265.06,264.0,274.01,262.86,263.55,264.15,267.7,3347876,8962.15,65302, 965012, 28.82
FUSION, EQ, 14-Jul-2026,237.14,237.14,237.5,229.12,230.64,230.09,232.35,556918,1294.02,8992, 269022, 48.31
GABRIEL, EQ, 14-Jul-2026,1265.0,1250.5,1263.0,1238.2,1253.0,1248.6,1249.35,195635,2444.17,13160, 91758, 46.90
GAEL, EQ, 14-Jul-2026,149.09,149.99,152.84,146.05,150.75,150.36,149.82,908611,1361.29,14378, 490630, 54.00
GAIL, EQ, 14-Jul-2026,173.12,172.3,172.9,170.95,171.5,171.51,171.87,5005945,8603.94,28930, 2900801, 57.95
GALAPREC, EQ, 14-Jul-2026,1156.8,1150.0,1159.2,1130.3,1147.0,1139.6,1142.87,22834,260.96,3021, 10190, 44.63
GALAXYSURF, EQ, 14-Jul-2026,1981.3,1999.9,2020.0,1951.0,1952.2,1959.0,1979.13,14373,284.46,1603, 5615, 39.07
GALLANTT, EQ, 14-Jul-2026,700.95,714.0,727.0,675.0,680.0,686.05,707.34,188662,1334.48,10796, 66733, 35.37
GANDHAR, EQ, 14-Jul-2026,206.12,204.0,206.4,201.31,202.89,203.27,203.52,461951,940.16,6192, 199053, 43.09
GANDHITUBE, EQ, 14-Jul-2026,860.8,863.65,879.8,855.1,862.0,866.4,866.86,5140,44.56,411, 3338, 64.94
GANECOS, EQ, 14-Jul-2026,1122.65,1112.0,1155.0,1111.05,1123.0,1122.95,1134.23,98070,1112.34,6524, 37286, 38.02
GANESHBE, EQ, 14-Jul-2026,98.17,97.2,98.68,95.2,96.0,96.54,96.69,76521,73.99,1705, 40470, 52.89
GANESHCP, EQ, 14-Jul-2026,189.23,189.1,189.1,182.45,183.0,184.41,185.14,72243,133.75,1583, 54965, 76.08
GANESHHOU, EQ, 14-Jul-2026,872.9,870.0,871.0,845.5,853.0,857.3,856.64,33782,289.39,3321, 15314, 45.33
GANESHIN, ST, 14-Jul-2026,92.2,92.2,93.0,90.6,90.6,90.8,91.49,32800,30.01,26, 29600, 90.24
GANGABATH, SM, 14-Jul-2026,21.85,20.9,21.95,20.9,21.95,21.95,21.43,6000,1.29,2, 0, 0.00
GANGAFO-RE, BE, 14-Jul-2026,0.18,0.11,0.11,0.11,0.11,0.11,0.11,3588792,3.95,786, -, -
GANGAFORGE, BE, 14-Jul-2026,2.1,2.04,2.09,2.0,2.0,2.0,2.01,482434,9.68,828, -, -
GANGESSECU, EQ, 14-Jul-2026,117.26,118.5,118.5,118.49,118.49,118.49,118.49,149,0.18,8, 149, 100.00
GARFIBRES, EQ, 14-Jul-2026,739.4,738.1,773.25,721.0,759.8,755.15,758.83,105954,804.01,9623, 36790, 34.72
GARUDA, EQ, 14-Jul-2026,183.04,182.85,184.62,179.11,183.0,183.4,181.77,231994,421.7,4541, 98757, 42.57
GATECH, EQ, 14-Jul-2026,0.48,0.48,0.49,0.47,0.48,0.47,0.48,2952597,14.19,759, 1274441, 43.16
GATECHDVR, EQ, 14-Jul-2026,0.44,0.45,0.45,0.42,0.43,0.43,0.44,376147,1.64,146, 268425, 71.36
GATEWAY, EQ, 14-Jul-2026,59.95,59.92,60.41,59.17,59.65,59.76,59.93,645590,386.88,5958, 336142, 52.07
GAUDIUMIVF, BE, 14-Jul-2026,130.02,131.9,136.52,123.52,136.52,133.41,132.96,705439,937.97,3066, -, -
GAYAHWS, EQ, 14-Jul-2026,1.87,1.89,1.9,1.8,1.89,1.87,1.84,237052,4.36,359, 166244, 70.13
GAYAPROJ, BE, 14-Jul-2026,21.95,22.0,22.99,21.21,22.35,21.69,22.36,778707,174.13,1568, -, -
GCHOTELS, ST, 14-Jul-2026,116.9,114.0,116.85,114.0,116.1,116.1,115.21,8400,9.68,11, 8400, 100.00
GCSL, EQ, 14-Jul-2026,511.4,509.5,518.45,502.35,509.55,510.65,509.59,574257,2926.33,6227, 154434, 26.89
GEECEE, BE, 14-Jul-2026,342.7,342.7,358.1,341.9,345.35,345.35,353.29,3280,11.59,38, -, -
GEEKAYWIRE, EQ, 14-Jul-2026,24.76,24.76,25.18,24.37,24.37,24.5,24.71,21972,5.43,415, 14357, 65.34
GEMAROMA, EQ, 14-Jul-2026,197.28,197.0,201.99,189.1,190.2,189.99,193.31,275113,531.83,3518, 137557, 50.00
GENCON, EQ, 14-Jul-2026,41.35,41.3,41.59,40.52,41.55,40.86,40.96,309651,126.84,1772, 52696, 17.02
GENESYS, EQ, 14-Jul-2026,343.75,343.4,343.45,332.3,333.55,334.6,337.45,144744,488.44,4120, 79898, 55.20
GENUSPAPER, EQ, 14-Jul-2026,11.83,11.9,11.9,11.51,11.53,11.57,11.69,26358,3.08,256, 17003, 64.51
GENUSPOWER, EQ, 14-Jul-2026,317.65,314.65,316.85,311.0,312.35,312.6,313.61,1170831,3671.83,15841, 563938, 48.17
GENXAI, SM, 14-Jul-2026,81.4,80.0,80.0,74.0,75.0,75.3,77.28,153600,118.7,113, 108000, 70.31
GEOJITFSL, EQ, 14-Jul-2026,82.03,81.07,82.8,80.0,80.75,80.73,81.17,341464,277.16,4747, 188170, 55.11
GESHIP, EQ, 14-Jul-2026,1402.0,1408.9,1459.0,1404.4,1418.0,1418.8,1427.5,561382,8013.74,38418, 174897, 31.15
GFLLIMITED, EQ, 14-Jul-2026,46.41,46.75,46.75,43.94,44.6,44.6,44.88,52674,23.64,610, 36501, 69.30
GGBL, SM, 14-Jul-2026,263.8,262.0,263.35,259.2,260.25,260.8,262.07,20100,52.68,50, 17400, 86.57
GHCL, EQ, 14-Jul-2026,445.7,445.5,445.5,433.0,433.65,436.4,437.21,110374,482.56,5053, 71060, 64.38
GHCLTEXTIL, EQ, 14-Jul-2026,109.77,110.0,110.53,107.25,107.45,107.97,108.85,499654,543.88,4504, 306944, 61.43
GICHSGFIN, EQ, 14-Jul-2026,151.76,151.5,151.69,144.99,149.18,148.72,148.36,171240,254.06,3214, 97394, 56.88
GICL, EQ, 14-Jul-2026,18.04,18.35,18.35,17.14,17.14,17.21,17.42,236000,41.12,512, 196088, 83.09
GICRE, EQ, 14-Jul-2026,364.85,364.5,366.85,361.65,364.85,365.2,365.08,981384,3582.84,13026, 631060, 64.30
GILLANDERS, EQ, 14-Jul-2026,89.33,91.18,91.18,88.31,88.51,88.34,89.51,2496,2.23,72, 1875, 75.12
GILLETTE, EQ, 14-Jul-2026,7880.5,7850.0,7909.0,7805.5,7837.0,7831.5,7854.62,7989,627.51,3066, 3683, 46.10
GILT10BETA, EQ, 14-Jul-2026,26.94,26.8,26.85,26.31,26.85,26.85,26.58,916,0.24,11, 912, 99.56
GILT5YBEES, EQ, 14-Jul-2026,65.9,65.9,65.9,65.68,65.81,65.8,65.76,345544,227.24,470, 210754, 60.99
GINNIFILA, BE, 14-Jul-2026,52.44,52.44,53.5,50.2,51.72,51.13,52.36,57993,30.36,214, -, -
GIPCL, EQ, 14-Jul-2026,166.81,166.0,167.75,164.0,166.9,166.31,165.97,317312,526.65,5802, 197260, 62.17
GIRIRAJ, SM, 14-Jul-2026,131.3,128.0,131.0,128.0,131.0,131.0,129.37,4250,5.5,13, 1500, 35.29
GJL, ST, 14-Jul-2026,175.05,175.05,183.8,175.05,183.5,183.5,183.06,13600,24.9,8, 13600, 100.00
GKENERGY, EQ, 14-Jul-2026,143.23,144.0,144.0,139.25,140.8,140.87,140.72,464661,653.89,5480, 252863, 54.42
GKSL, EQ, 14-Jul-2026,133.9,134.97,140.49,130.6,132.0,132.74,135.41,1727783,2339.58,11944, 627651, 36.33
GKWLIMITED, EQ, 14-Jul-2026,1780.0,1795.0,1795.0,1727.1,1769.0,1761.4,1745.49,33,0.58,13, 30, 90.91
GLAND, EQ, 14-Jul-2026,2461.2,2461.1,2514.6,2457.0,2475.6,2488.3,2488.59,492111,12246.64,34952, 273782, 55.63
GLAXO, EQ, 14-Jul-2026,2420.5,2420.5,2527.0,2418.3,2470.1,2463.4,2482.11,186910,4639.31,20561, 71510, 38.26
GLENMARK, EQ, 14-Jul-2026,2301.3,2309.0,2326.1,2293.0,2304.0,2305.1,2313.21,706821,16350.29,25949, 369520, 52.28
GLFL, BE, 14-Jul-2026,5.79,5.68,5.7,5.68,5.7,5.7,5.68,558,0.03,7, -, -
GLOBAL, EQ, 14-Jul-2026,101.96,102.0,102.5,100.02,102.48,102.15,101.58,22727,23.09,251, 16776, 73.82
GLOBALE, BE, 14-Jul-2026,11.02,10.8,11.4,10.6,11.3,11.3,11.39,1619,0.18,12, -, -
GLOBALVECT, EQ, 14-Jul-2026,158.42,153.0,158.02,153.0,155.0,154.39,154.68,10163,15.72,455, 5852, 57.58
GLOBE, EQ, 14-Jul-2026,2.15,2.11,2.16,2.11,2.16,2.15,2.14,114480,2.45,129, 105331, 92.01
GLOBECIVIL, BE, 14-Jul-2026,41.0,41.0,42.0,40.4,41.55,41.55,41.62,23093,9.61,91, -, -
GLOBUSSPR, EQ, 14-Jul-2026,936.55,938.0,957.1,927.35,939.15,937.4,944.47,90491,854.66,5248, 45979, 50.81
GLOSTERLTD, EQ, 14-Jul-2026,677.4,650.0,677.0,650.0,655.2,656.6,664.0,1354,8.99,184, 926, 68.39
GLOTTIS, BE, 14-Jul-2026,67.04,67.04,67.5,66.07,67.01,67.01,67.02,28945,19.4,214, -, -
GMBREW, EQ, 14-Jul-2026,916.95,917.0,927.45,908.05,914.75,913.2,917.78,56019,514.13,3220, 18426, 32.89
GMDCLTD, EQ, 14-Jul-2026,589.55,587.0,598.9,584.55,586.1,586.0,590.63,731862,4322.63,20133, 226989, 31.02
GMMPFAUDLR, EQ, 14-Jul-2026,774.0,773.0,790.0,765.55,787.7,787.9,780.56,81309,634.67,4347, 49404, 60.76
GMRAIRPORT, EQ, 14-Jul-2026,114.68,113.63,114.15,112.29,113.53,113.38,113.14,13560314,15341.47,51983, 8156103, 60.15
GMRP&UI, EQ, 14-Jul-2026,99.87,99.7,100.55,98.9,100.13,99.93,99.87,667413,666.53,6138, 355200, 53.22
GNA, EQ, 14-Jul-2026,529.25,529.05,562.0,526.55,560.0,555.7,545.46,1495245,8156.0,40068, 406556, 27.19
GNFC, EQ, 14-Jul-2026,502.65,500.0,502.25,492.5,493.0,493.85,495.88,339308,1682.55,10051, 210684, 62.09
GNRL, EQ, 14-Jul-2026,101.12,100.4,101.1,96.7,96.7,97.45,98.26,105282,103.45,2521, 48731, 46.29
GOACARBON, EQ, 14-Jul-2026,412.05,412.05,417.05,408.05,410.9,411.1,410.85,14378,59.07,637, 9185, 63.88
GOCLCORP, EQ, 14-Jul-2026,402.95,402.3,407.8,396.0,407.0,403.4,400.76,47526,190.46,1759, 23543, 49.54
GOCOLORS, EQ, 14-Jul-2026,343.9,341.9,344.7,337.05,341.2,342.9,340.6,137480,468.26,2774, 33009, 24.01
GODAVARIB, EQ, 14-Jul-2026,266.2,266.9,271.0,259.0,264.05,263.15,264.09,134328,354.75,3913, 54746, 40.76
GODFRYPHLP, EQ, 14-Jul-2026,2091.8,2084.1,2096.0,2062.6,2070.0,2070.5,2072.74,133148,2759.81,12983, 49229, 36.97
GODIGIT, EQ, 14-Jul-2026,303.3,301.05,310.15,299.0,306.05,307.8,304.1,315392,959.1,10285, 141242, 44.78
GODREJAGRO, EQ, 14-Jul-2026,565.4,565.4,566.9,559.15,560.9,561.1,563.02,52403,295.04,3087, 28087, 53.60
GODREJCP, EQ, 14-Jul-2026,1068.7,1047.6,1072.3,1040.5,1061.4,1061.6,1062.43,668384,7101.12,28163, 352548, 52.75
GODREJIND, EQ, 14-Jul-2026,1382.4,1369.0,1375.5,1332.5,1342.6,1336.7,1346.18,189505,2551.08,16713, 65980, 34.82
GODREJPROP, EQ, 14-Jul-2026,2162.6,2145.0,2158.4,2101.0,2101.0,2107.4,2119.46,936136,19841.0,74951, 375594, 40.12
GOKEX, EQ, 14-Jul-2026,856.8,853.95,855.1,839.0,843.3,841.75,845.59,358398,3030.56,13803, 157940, 44.07
GOKUL, EQ, 14-Jul-2026,41.53,41.86,42.24,41.0,41.0,41.04,41.64,140438,58.48,612, 26182, 18.64
GOKULAGRO, EQ, 14-Jul-2026,215.4,215.97,220.61,213.27,213.95,213.98,216.88,850434,1844.44,21523, 195992, 23.05
GOLD1, EQ, 14-Jul-2026,118.08,118.0,118.0,115.73,117.18,117.09,117.22,2075692,2433.17,8441, 1058970, 51.02
GOLD360, EQ, 14-Jul-2026,138.55,139.55,139.55,137.0,137.25,137.25,137.26,14567,20.0,238, 7691, 52.80
GOLDADD, EQ, 14-Jul-2026,137.43,136.39,136.86,136.13,136.3,136.29,136.34,225647,307.66,1009, 198832, 88.12
GOLDAXIS, EQ, 14-Jul-2026,117.76,117.03,117.29,116.41,116.9,116.85,116.88,822537,961.41,3519, 450825, 54.81
GOLDBEES, EQ, 14-Jul-2026,116.95,116.4,116.48,115.26,116.0,115.98,116.1,20985804,24363.84,85548, 11868580, 56.56
GOLDBETA, EQ, 14-Jul-2026,119.1,118.3,118.55,117.6,118.3,118.05,118.15,213418,252.14,2456, 96079, 45.02
GOLDBND, EQ, 14-Jul-2026,141.48,140.0,141.01,140.0,140.76,140.63,140.63,11518,16.2,114, 10536, 91.47
GOLDCASE, EQ, 14-Jul-2026,22.26,22.3,22.3,21.97,22.12,22.06,22.09,8755790,1934.53,11991, 3726111, 42.56
GOLDENTOBC, BZ, 14-Jul-2026,26.08,25.1,26.69,24.8,26.69,26.32,25.78,2070,0.53,53, -, -
GOLDETF, EQ, 14-Jul-2026,137.7,136.45,137.02,136.03,136.62,136.59,136.62,888739,1214.18,4524, 534152, 60.10
GOLDIAM, EQ, 14-Jul-2026,374.55,367.6,370.0,352.4,356.6,359.5,358.99,1124569,4037.08,19089, 364141, 32.38
GOLDIETF, EQ, 14-Jul-2026,121.07,124.09,124.09,119.51,120.25,120.19,120.22,2824722,3395.99,26686, 1560507, 55.24
GOLDSTAR, SM, 14-Jul-2026,7.65,7.55,7.65,7.55,7.65,7.65,7.6,45000,3.42,4, 45000, 100.00
GOLDTECH, BE, 14-Jul-2026,63.99,62.0,65.49,61.1,61.12,61.31,63.17,73537,46.46,351, -, -
GOODLUCK, EQ, 14-Jul-2026,1629.4,1625.0,1640.9,1575.0,1585.6,1579.5,1602.78,122209,1958.75,12861, 56837, 46.51
GOODYEAR, EQ, 14-Jul-2026,786.3,798.0,798.4,781.15,791.95,791.9,790.77,7286,57.62,550, 4366, 59.92
GOPAL, EQ, 14-Jul-2026,267.2,267.0,268.0,261.5,265.8,263.1,264.1,53321,140.82,2814, 31893, 59.81
GOYALALUM, EQ, 14-Jul-2026,6.63,6.61,6.8,6.61,6.69,6.7,6.71,48914,3.28,290, 38794, 79.31
GPECO, ST, 14-Jul-2026,433.3,435.0,435.0,420.0,432.0,433.9,429.36,18000,77.28,65, 16000, 88.89
GPIL, EQ, 14-Jul-2026,256.35,256.0,256.2,249.3,251.5,251.85,251.96,1282955,3232.52,23635, 599063, 46.69
GPPL, EQ, 14-Jul-2026,155.56,155.1,155.5,151.0,151.3,151.18,152.35,1165089,1775.02,16246, 756926, 64.97
GPTHEALTH, EQ, 14-Jul-2026,156.8,156.0,158.96,153.9,153.9,154.1,154.76,39227,60.71,893, 24589, 62.68
GPTINFRA, EQ, 14-Jul-2026,122.48,121.24,122.38,119.0,119.05,119.2,120.18,67094,80.63,1615, 43955, 65.51
GRADIENTE, BE, 14-Jul-2026,3.63,3.77,3.77,3.65,3.74,3.7,3.72,591847,22.01,402, -, -
GRANDOAK, EQ, 14-Jul-2026,43.49,41.45,43.8,41.4,42.8,42.28,42.07,7917,3.33,137, 5866, 74.09
GRANULES, EQ, 14-Jul-2026,897.65,890.95,904.3,885.15,896.0,895.1,894.13,896774,8018.3,44472, 532968, 59.43
GRAPHITE, EQ, 14-Jul-2026,626.5,626.55,641.0,618.2,621.0,621.0,627.95,728577,4575.1,22765, 304061, 41.73
GRASIM, EQ, 14-Jul-2026,3144.3,3138.0,3153.5,3093.1,3108.0,3113.3,3111.94,1058130,32928.35,73796, 631771, 59.71
GRAUWEIL, EQ, 14-Jul-2026,79.89,80.33,80.33,76.65,78.5,78.57,78.28,294316,230.38,3720, 157736, 53.59
GRAVISSHO, EQ, 14-Jul-2026,30.8,29.26,30.9,29.26,29.32,29.32,29.74,599,0.18,16, 558, 93.16
GRAVITA, EQ, 14-Jul-2026,1846.0,1845.9,1846.9,1789.3,1816.1,1811.9,1813.05,206428,3742.65,16500, 108478, 52.55
GREAVESCOT, EQ, 14-Jul-2026,262.17,260.1,271.9,256.7,263.0,262.66,264.64,3914083,10358.41,53413, 954498, 24.39
GREENCHEF, SM, 14-Jul-2026,50.55,49.0,49.0,48.35,48.6,48.6,48.63,9600,4.67,12, 8800, 91.67
GREENLAM, EQ, 14-Jul-2026,260.95,262.6,262.6,249.9,254.3,251.15,253.27,68933,174.59,2172, 41046, 59.54
GREENLEAF, ST, 14-Jul-2026,115.6,119.9,119.9,112.0,115.0,115.0,116.81,22000,25.7,19, 19000, 86.36
GREENPANEL, EQ, 14-Jul-2026,196.07,195.1,199.2,194.15,197.25,197.08,197.15,77546,152.88,2222, 45668, 58.89
GREENPLY, EQ, 14-Jul-2026,317.0,315.8,315.8,310.9,312.8,312.2,313.07,74654,233.72,2459, 37093, 49.69
GREENPOWER, EQ, 14-Jul-2026,10.14,10.14,10.18,9.96,10.01,9.99,10.04,1935425,194.26,4019, 1341602, 69.32
GRINDWELL, EQ, 14-Jul-2026,2034.3,2012.5,2034.1,1971.0,2001.2,2001.1,1998.45,44486,889.03,8525, 24759, 55.66
GRINFRA, EQ, 14-Jul-2026,905.1,900.0,907.25,887.55,900.0,905.0,899.6,14398,129.53,1823, 9709, 67.43
GRMOVER, EQ, 14-Jul-2026,94.73,94.56,97.66,93.15,93.64,94.0,95.38,1283920,1224.63,119840, 360936, 28.11
GROBTEA, EQ, 14-Jul-2026,911.2,910.0,910.0,885.3,910.0,909.35,905.12,94,0.85,21, 86, 91.49
GROWW, EQ, 14-Jul-2026,208.18,208.85,210.28,202.0,203.8,203.79,206.8,31398724,64931.57,226781, 14249469, 45.38
GROWWCAPM, EQ, 14-Jul-2026,11.68,11.73,11.79,11.55,11.6,11.58,11.62,787517,91.48,600, 406267, 51.59
GROWWCHEM, EQ, 14-Jul-2026,29.76,29.44,29.94,29.39,29.75,29.68,29.51,73778,21.77,253, 61844, 83.82
GROWWDEFNC, EQ, 14-Jul-2026,94.41,94.91,94.91,92.5,93.1,93.25,93.09,188273,175.26,2508, 121531, 64.55
GROWWEV, EQ, 14-Jul-2026,31.2,31.34,31.34,30.81,31.0,31.04,31.09,333813,103.77,1480, 238571, 71.47
GROWWGOLD, EQ, 14-Jul-2026,13.83,14.17,14.17,13.69,13.75,13.72,13.73,1989955,273.31,3774, 1060649, 53.30
GROWWHOSPI, EQ, 14-Jul-2026,54.14,54.01,54.55,53.81,54.4,54.16,54.02,1317289,711.64,1013, 1115721, 84.70
GROWWLIQID, EQ, 14-Jul-2026,109.88,109.88,109.9,109.88,109.89,109.89,109.89,147386,161.97,195, 96242, 65.30
GROWWLOVOL, EQ, 14-Jul-2026,10.37,10.58,10.58,10.17,10.35,10.28,10.29,68162,7.02,119, 61229, 89.83
GROWWMC150, EQ, 14-Jul-2026,231.35,231.0,232.5,226.7,231.64,231.56,231.48,1255,2.91,39, 1124, 89.56
GROWWMETAL, EQ, 14-Jul-2026,12.03,12.33,12.33,11.66,12.04,12.04,12.07,415382,50.15,1842, 165968, 39.96
GROWWMOM50, EQ, 14-Jul-2026,10.67,10.72,10.75,10.58,10.75,10.72,10.7,436890,46.75,436, 306856, 70.24
GROWWN200, EQ, 14-Jul-2026,11.39,11.65,11.65,11.24,11.33,11.29,11.28,44000,4.96,227, 34743, 78.96
GROWWNET, EQ, 14-Jul-2026,10.05,10.04,10.15,9.87,10.0,9.93,9.95,471227,46.9,885, 412338, 87.50
GROWWNIFTY, EQ, 14-Jul-2026,9.76,9.76,10.0,9.57,9.78,9.73,9.74,520738,50.71,4822, 265063, 50.90
GROWWNXT50, EQ, 14-Jul-2026,72.58,72.5,72.5,71.5,72.09,71.84,71.83,4580,3.29,92, 1863, 40.68
GROWWPOWER, EQ, 14-Jul-2026,11.75,11.76,11.86,11.71,11.8,11.82,11.8,1882397,222.15,2492, 867139, 46.07
GROWWPSE, EQ, 14-Jul-2026,99.71,98.3,99.96,98.3,99.78,99.58,99.26,350,0.35,45, 202, 57.71
GROWWPSUBK, EQ, 14-Jul-2026,84.64,84.44,84.44,83.31,84.0,83.81,83.78,2845,2.38,78, 1351, 47.49
GROWWRAIL, EQ, 14-Jul-2026,28.88,28.89,29.09,28.82,28.83,28.88,28.93,347032,100.38,2019, 220991, 63.68
GROWWRLTY, EQ, 14-Jul-2026,10.5,10.5,10.5,10.25,10.35,10.3,10.31,375348,38.71,770, 269861, 71.90
GROWWSC250, EQ, 14-Jul-2026,10.45,10.71,10.71,10.32,10.4,10.36,10.38,146969,15.25,570, 97662, 66.45
GROWWSLVR, EQ, 14-Jul-2026,21.26,21.48,21.48,21.02,21.35,21.31,21.28,989979,210.64,3130, 316441, 31.96
GRPLTD, EQ, 14-Jul-2026,1901.8,1890.4,1910.7,1860.0,1888.0,1882.5,1883.73,1780,33.53,521, 1051, 59.04
GRSE, EQ, 14-Jul-2026,2640.6,2620.0,2639.0,2611.0,2614.0,2616.6,2621.32,212911,5581.08,16177, 76342, 35.86
GRWRHITECH, EQ, 14-Jul-2026,7041.0,7041.0,7060.0,6922.0,7030.0,7037.0,6998.98,34884,2441.52,7278, 14116, 40.47
GSEC10ABSL, EQ, 14-Jul-2026,113.5,112.9,113.0,112.9,113.0,113.0,112.94,9,0.01,2, 9, 100.00
GSEC10YEAR, EQ, 14-Jul-2026,30.42,30.39,30.59,30.3,30.3,30.3,30.39,5184,1.58,16, 5183, 99.98
GSEC5IETF, EQ, 14-Jul-2026,66.02,66.26,66.43,65.65,65.65,65.92,66.08,8192,5.41,29, 4185, 51.09
GSFC, EQ, 14-Jul-2026,161.7,161.49,161.69,159.0,159.53,159.32,159.95,313612,501.63,5363, 165400, 52.74
GSLSU, EQ, 14-Jul-2026,36.47,35.95,37.0,34.0,34.08,34.8,35.43,271697,96.25,1973, 117452, 43.23
GSMFOILS, SM, 14-Jul-2026,267.35,268.0,268.0,255.2,263.55,259.6,261.45,45000,117.65,87, 28000, 62.22
GSPCROP, EQ, 14-Jul-2026,431.95,438.7,449.85,430.0,440.1,440.2,440.83,402151,1772.82,8786, 57635, 14.33
GSS, BE, 14-Jul-2026,12.68,12.67,12.67,12.35,12.61,12.58,12.54,5194,0.65,37, -, -
GSTL, ST, 14-Jul-2026,14.75,14.8,14.8,14.75,14.75,14.75,14.76,6000,0.89,5, 6000, 100.00
GTECJAINX, BE, 14-Jul-2026,25.84,25.33,25.84,25.33,25.5,25.5,25.46,4330,1.1,29, -, -
GTL, EQ, 14-Jul-2026,7.28,7.39,7.39,7.16,7.21,7.22,7.25,191435,13.88,629, 122699, 64.09
GTLINFRA, EQ, 14-Jul-2026,1.31,1.31,1.32,1.27,1.29,1.28,1.29,54789868,704.22,12975, 22594642, 41.24
GTPL, EQ, 14-Jul-2026,60.22,60.22,64.0,60.22,63.15,62.6,62.03,61964,38.44,1272, 33581, 54.19
GUFICBIO, EQ, 14-Jul-2026,400.25,401.5,404.9,394.3,399.9,399.3,399.9,106670,426.57,3578, 49490, 46.40
GUJALKALI, EQ, 14-Jul-2026,610.5,608.0,608.0,598.0,600.2,600.75,601.5,27572,165.85,1975, 11006, 39.92
GUJAPOLLO, EQ, 14-Jul-2026,371.05,370.0,370.0,360.1,366.0,362.35,363.44,1882,6.84,148, 1288, 68.44
GUJENERGY, BE, 14-Jul-2026,286.95,286.9,289.0,279.0,284.7,284.95,284.97,1855760,5288.34,23245, -, -
GUJRAFFIA, EQ, 14-Jul-2026,38.0,38.11,39.68,38.0,39.68,39.63,38.99,1734,0.68,29, 1633, 94.18
GUJTHEM, EQ, 14-Jul-2026,381.95,381.9,382.0,370.95,372.15,371.9,374.0,41412,154.88,1527, 23791, 57.45
GULFOILLUB, EQ, 14-Jul-2026,1044.6,1038.8,1046.9,1029.0,1035.0,1033.5,1037.26,40537,420.47,7293, 22406, 55.27
GULFPETRO, BE, 14-Jul-2026,39.49,39.49,39.49,38.17,38.5,38.5,38.55,43673,16.84,112, -, -
GULPOLY, EQ, 14-Jul-2026,192.17,191.6,192.98,185.2,186.25,186.29,188.51,110351,208.03,1952, 54580, 49.46
GVKPIL, BE, 14-Jul-2026,2.45,2.44,2.49,2.41,2.49,2.49,2.46,698495,17.2,628, -, -
GVPIL, EQ, 14-Jul-2026,808.3,811.8,812.5,780.0,790.5,790.1,791.93,213565,1691.29,9645, 104829, 49.09
GVPTECH, EQ, 14-Jul-2026,6.8,6.92,6.92,6.38,6.67,6.66,6.72,91559,6.15,255, 50950, 55.65
GVT&D, EQ, 14-Jul-2026,4525.6,4475.0,4520.0,4391.0,4519.0,4498.6,4464.12,926021,41338.65,81496, 498892, 53.87
GYFTR, EQ, 14-Jul-2026,164.52,167.0,170.0,164.2,164.2,165.68,167.94,36595,61.46,1098, 3444, 9.41
HAL, EQ, 14-Jul-2026,4511.3,4510.1,4510.1,4392.0,4429.7,4442.4,4433.36,770894,34176.51,46890, 358990, 46.57
HALDER, EQ, 14-Jul-2026,227.74,227.44,234.0,225.27,228.2,227.97,228.63,26486,60.56,253, 5080, 19.18
HALDYNGL, BE, 14-Jul-2026,122.95,120.6,122.75,119.0,121.0,120.77,121.4,20454,24.83,142, -, -
HALEOSLABS, EQ, 14-Jul-2026,1587.3,1554.3,1613.5,1553.0,1590.8,1592.0,1592.23,612,9.74,120, 370, 60.46
HAPPSTMNDS, EQ, 14-Jul-2026,407.55,409.55,419.7,388.2,390.0,392.8,403.99,3112937,12575.82,54866, 834310, 26.80
HAPPYFORGE, EQ, 14-Jul-2026,1593.0,1568.5,1596.0,1562.2,1593.0,1591.9,1580.84,50081,791.7,7953, 24994, 49.91
HARDWYN, EQ, 14-Jul-2026,24.12,24.09,24.22,19.3,19.3,19.46,20.84,16912391,3525.19,57235, 4088624, 24.18
HARIOMPIPE, EQ, 14-Jul-2026,381.95,385.8,428.9,382.0,397.4,400.45,415.79,5609157,23322.11,98888, 447217, 7.97
HARRMALAYA, EQ, 14-Jul-2026,221.24,222.99,230.0,221.47,228.1,226.48,226.43,78538,177.83,1703, 43538, 55.44
HARSHA, EQ, 14-Jul-2026,422.45,422.8,425.7,414.35,416.0,416.55,419.73,145984,612.74,5385, 65719, 45.02
HATHWAY, EQ, 14-Jul-2026,11.24,11.31,11.82,11.25,11.3,11.28,11.48,4936513,566.58,6281, 1074524, 21.77
HATSUN, EQ, 14-Jul-2026,901.9,907.3,952.1,907.3,930.0,933.5,932.07,93129,868.03,7178, 40669, 43.67
HAVELLS, EQ, 14-Jul-2026,1178.8,1178.5,1190.0,1167.3,1189.0,1187.3,1178.16,1122208,13221.36,36655, 694362, 61.87
HAVISHA, EQ, 14-Jul-2026,1.21,1.24,1.27,1.13,1.22,1.19,1.2,80148,0.96,201, 54303, 67.75
HAWKINCOOK, EQ, 14-Jul-2026,8957.0,9035.0,9035.0,8866.0,9000.0,8977.0,8975.73,1612,144.69,575, 856, 53.10
HBESD, EQ, 14-Jul-2026,75.0,75.1,76.95,72.8,73.01,73.01,74.44,731,0.54,22, 717, 98.08
HBLENGINE, EQ, 14-Jul-2026,766.2,762.0,765.9,742.0,743.6,743.3,748.39,964470,7218.02,32886, 569381, 59.04
HBSL, BE, 14-Jul-2026,49.39,49.99,50.89,48.71,49.99,49.99,49.38,1631,0.81,90, -, -
HCC, EQ, 14-Jul-2026,23.77,23.6,23.66,22.98,23.1,23.03,23.17,15974168,3702.0,20505, 7188671, 45.00
HCG, EQ, 14-Jul-2026,678.85,675.0,688.2,665.4,685.6,686.35,682.92,128109,874.88,12154, 70567, 55.08
HCL-INSYS, EQ, 14-Jul-2026,11.97,11.92,11.97,11.8,11.9,11.86,11.88,137765,16.37,519, 103708, 75.28
HCLTECH, EQ, 14-Jul-2026,1221.2,1200.0,1209.1,1164.0,1164.6,1166.7,1184.48,9754723,115542.61,226006, 3449131, 35.36
HDBFS, EQ, 14-Jul-2026,756.25,748.7,754.75,740.0,744.8,743.9,745.61,292518,2181.06,13729, 179710, 61.44
HDFCAMC, EQ, 14-Jul-2026,2749.0,2735.0,2741.9,2642.0,2662.7,2659.8,2664.97,1148370,30603.72,52113, 672658, 58.58
HDFCBANK, EQ, 14-Jul-2026,817.95,811.4,818.4,807.0,809.0,809.4,811.9,25605395,207891.13,292714, 12189945, 47.61
HDFCBSE500, EQ, 14-Jul-2026,37.78,37.32,40.0,37.12,37.33,37.43,37.27,1977287,736.86,460, 1144024, 57.86
HDFCGOLD, EQ, 14-Jul-2026,120.73,119.95,120.43,119.02,120.06,119.92,119.98,1787189,2144.23,9775, 985842, 55.16
HDFCGROWTH, EQ, 14-Jul-2026,115.46,115.8,115.85,114.72,115.39,114.84,114.98,24168,27.79,180, 9552, 39.52
HDFCLIFE, EQ, 14-Jul-2026,573.4,570.0,572.0,553.25,556.35,555.2,557.62,6752588,37653.85,99011, 4183796, 61.96
HDFCLIQUID, EQ, 14-Jul-2026,1069.04,1065.55,1069.2,1065.55,1069.2,1069.19,1069.2,41738,446.26,36, 41671, 99.84
HDFCLOWVOL, EQ, 14-Jul-2026,20.64,20.54,20.64,20.27,20.4,20.36,20.48,3550,0.73,59, 3194, 89.97
HDFCMID150, EQ, 14-Jul-2026,23.47,23.49,23.49,23.26,23.33,23.31,23.35,1029965,240.46,1589, 840993, 81.65
HDFCMOMENT, EQ, 14-Jul-2026,30.88,30.92,31.09,30.71,30.84,30.91,30.9,86739,26.8,532, 52534, 60.57
HDFCNEXT50, EQ, 14-Jul-2026,73.5,75.33,75.33,72.3,73.35,73.23,73.16,153677,112.43,701, 103555, 67.38
HDFCNIF100, EQ, 14-Jul-2026,26.11,25.8,26.44,25.8,26.3,26.29,25.97,23700,6.15,287, 17281, 72.92
HDFCNIFBAN, EQ, 14-Jul-2026,59.72,59.68,59.68,58.99,59.14,59.12,59.28,1468005,870.21,751, 1425992, 97.14
HDFCNIFIT, EQ, 14-Jul-2026,30.91,31.68,31.68,30.58,30.58,30.6,30.8,167420,51.56,390, 140598, 83.98
HDFCNIFTY, EQ, 14-Jul-2026,272.28,279.08,279.08,270.2,270.21,270.46,270.82,39059,105.78,963, 24898, 63.74
HDFCPSUBK, EQ, 14-Jul-2026,85.53,85.53,85.53,83.75,84.67,84.1,84.42,165980,140.12,468, 105754, 63.71
HDFCPVTBAN, EQ, 14-Jul-2026,28.7,28.81,28.81,28.3,28.7,28.43,28.47,186532,53.11,348, 82971, 44.48
HDFCQUAL, EQ, 14-Jul-2026,57.21,57.21,57.59,56.74,57.59,56.92,56.93,8576,4.88,108, 3910, 45.59
HDFCSENSEX, EQ, 14-Jul-2026,87.91,87.11,87.83,87.11,87.55,87.42,87.48,30758,26.91,522, 19035, 61.89
HDFCSILVER, EQ, 14-Jul-2026,207.6,206.16,208.95,205.5,208.34,208.06,207.69,1925920,3999.92,10524, 600346, 31.17
HDFCSML250, EQ, 14-Jul-2026,183.23,183.8,184.13,180.5,180.63,180.71,181.24,1361019,2466.7,13151, 833406, 61.23
HDFCVALUE, EQ, 14-Jul-2026,127.84,127.58,127.84,126.5,126.51,127.06,126.71,1946,2.47,59, 1646, 84.58
HDIL, BZ, 14-Jul-2026,1.7,1.73,1.76,1.68,1.71,1.7,1.72,181203,3.12,202, -, -
HEADSUP, EQ, 14-Jul-2026,6.91,6.8,7.05,6.51,6.56,6.61,6.74,9170,0.62,118, 7225, 78.79
HEALTHADD, EQ, 14-Jul-2026,16.45,16.45,16.67,16.45,16.65,16.57,16.59,102298,16.97,93, 84321, 82.43
HEALTHAXIS, EQ, 14-Jul-2026,166.43,166.89,167.64,166.89,167.58,167.11,167.32,2690,4.5,70, 2323, 86.36
HEALTHCARE, EQ, 14-Jul-2026,21.16,21.17,21.37,21.13,21.3,21.27,21.29,46241,9.84,195, 27795, 60.11
HEALTHIETF, EQ, 14-Jul-2026,167.01,167.01,169.22,166.12,168.65,168.33,168.42,159937,269.37,1360, 102384, 64.02
HEALTHX, EQ, 14-Jul-2026,337.6,339.35,347.85,332.25,335.95,334.35,338.11,8476,28.66,290, 6389, 75.38
HEALTHY, EQ, 14-Jul-2026,16.83,17.0,17.17,16.76,16.88,16.87,16.91,632264,106.91,928, 411376, 65.06
HECPROJECT, EQ, 14-Jul-2026,128.69,128.0,129.96,124.35,127.5,128.56,127.3,7226,9.2,337, 4234, 58.59
HEG, EQ, 14-Jul-2026,575.4,574.0,579.7,565.0,566.2,566.45,570.83,1339401,7645.65,30955, 557131, 41.60
HEIDELBERG, EQ, 14-Jul-2026,157.08,156.45,157.9,156.45,156.72,157.41,157.15,43258,67.98,1047, 22084, 51.05
HEMIPROP, EQ, 14-Jul-2026,139.8,138.5,139.48,136.28,136.62,136.76,137.65,216055,297.39,2021, 152050, 70.38
HERANBA, EQ, 14-Jul-2026,183.25,182.0,185.9,179.9,182.0,180.72,182.22,37065,67.54,1223, 18104, 48.84
HERITGFOOD, EQ, 14-Jul-2026,337.05,337.0,337.0,332.55,333.5,333.45,334.03,152463,509.28,4355, 80922, 53.08
HEROMOTOCO, EQ, 14-Jul-2026,4952.1,4922.0,4958.0,4865.2,4877.5,4878.3,4906.48,680383,33382.84,60780, 440385, 64.73
HESTERBIO, EQ, 14-Jul-2026,2545.0,2630.0,2660.0,2341.0,2363.5,2386.8,2505.7,290142,7270.08,30379, 52060, 17.94
HEXAGON, EQ, 14-Jul-2026,76.16,76.6,78.25,75.0,75.97,76.07,76.57,2991167,2290.45,15678, 1261147, 42.16
HEXATRADEX, EQ, 14-Jul-2026,161.35,161.0,164.0,159.01,161.49,160.35,161.35,3392,5.47,79, 2459, 72.49
HEXT, EQ, 14-Jul-2026,566.2,564.9,578.9,548.95,558.85,558.65,562.17,685284,3852.45,29101, 285964, 41.73
HFCL, EQ, 14-Jul-2026,214.63,211.95,214.55,206.1,211.94,212.78,210.5,12863408,27077.08,69437, 3878059, 30.15
HGINFRA, EQ, 14-Jul-2026,568.05,567.95,568.45,555.3,556.5,557.65,559.97,68827,385.41,3071, 33600, 48.82
HGM, EQ, 14-Jul-2026,51.26,51.26,51.5,49.41,50.8,50.65,50.22,1371,0.69,30, 984, 71.77
HGS, EQ, 14-Jul-2026,417.4,415.1,477.6,415.1,451.8,453.6,463.43,1688542,7825.13,43954, 146036, 8.65
HIGREEN, SM, 14-Jul-2026,138.0,138.0,141.95,137.95,141.95,141.1,139.47,24800,34.59,30, 18400, 74.19
HIKAL, EQ, 14-Jul-2026,245.69,243.8,244.03,236.1,237.88,237.22,239.49,365108,874.4,7501, 154389, 42.29
HILINFRA, BE, 14-Jul-2026,45.3,45.12,45.5,45.0,45.3,45.1,45.15,24579,11.1,285, -, -
HILTON, BE, 14-Jul-2026,22.3,22.38,22.55,21.8,22.0,22.02,22.22,90509,20.11,169, -, -
HIMATSEIDE, EQ, 14-Jul-2026,89.11,90.0,92.27,86.75,87.05,87.28,89.61,1258031,1127.33,12285, 562768, 44.73
HINDALCO, EQ, 14-Jul-2026,966.85,964.0,998.0,964.0,972.0,974.3,982.99,8061017,79239.37,154868, 3662031, 45.43
HINDCOMPOS, EQ, 14-Jul-2026,437.3,437.6,487.6,437.6,448.0,448.85,464.97,81396,378.47,4357, 15976, 19.63
HINDCON, BE, 14-Jul-2026,21.4,21.4,21.98,20.65,21.79,21.68,21.39,21822,4.67,123, -, -
HINDCOPPER, EQ, 14-Jul-2026,497.95,495.0,507.65,489.0,491.55,491.65,497.4,4759971,23676.19,66791, 1377337, 28.94
HINDOILEXP, EQ, 14-Jul-2026,154.34,156.0,161.2,152.15,156.15,156.04,156.93,1465384,2299.59,14654, 370005, 25.25
HINDPETRO, EQ, 14-Jul-2026,391.6,384.7,387.8,381.65,385.9,386.0,385.03,8994389,34631.51,116091, 4666083, 51.88
HINDUNILVR, EQ, 14-Jul-2026,2130.6,2125.0,2145.0,2116.1,2118.0,2120.2,2127.5,2681897,57057.49,123426, 1505679, 56.14
HINDWAREAP, EQ, 14-Jul-2026,247.85,246.0,248.8,238.95,241.55,242.4,242.12,83877,203.09,4074, 39588, 47.20
HINDZINC, EQ, 14-Jul-2026,532.6,529.95,536.5,526.25,528.05,527.9,529.48,3181142,16843.46,39148, 1420535, 44.65
HIRECT, EQ, 14-Jul-2026,1052.7,1045.0,1069.1,1029.1,1060.0,1062.4,1048.17,42432,444.76,3210, 16649, 39.24
HISARMETAL, EQ, 14-Jul-2026,157.03,156.0,157.0,153.05,154.2,154.2,154.48,776,1.2,24, 399, 51.42
HITECH, EQ, 14-Jul-2026,89.12,88.98,89.11,86.55,86.98,86.92,87.69,369570,324.07,3129, 199538, 53.99
HITECHCORP, BE, 14-Jul-2026,326.15,319.65,320.0,311.05,317.6,319.0,315.09,58078,183.0,226, -, -
HITECHGEAR, BE, 14-Jul-2026,640.85,640.85,645.5,631.0,631.0,631.3,639.02,4352,27.81,92, -, -
HLEGLAS, EQ, 14-Jul-2026,409.25,407.55,408.2,384.5,390.5,393.55,397.66,173914,691.59,5302, 93405, 53.71
HLVLTD, EQ, 14-Jul-2026,7.49,7.45,7.58,7.45,7.5,7.49,7.51,123141,9.25,441, 107637, 87.41
HMAAGRO, EQ, 14-Jul-2026,21.88,21.8,22.2,21.7,21.9,21.78,21.83,196631,42.93,846, 133754, 68.02
HMT, BZ, 14-Jul-2026,64.19,64.19,64.85,63.11,64.24,64.21,63.86,4412,2.82,68, -, -
HMVL, EQ, 14-Jul-2026,89.27,90.56,90.56,88.21,90.49,89.77,89.22,47215,42.12,1495, 26192, 55.47
HNDFDS, EQ, 14-Jul-2026,571.3,568.45,572.0,556.0,557.0,557.8,562.25,47899,269.31,4397, 28621, 59.75
HNGSNGBEES, EQ, 14-Jul-2026,481.9,481.0,481.9,470.0,477.79,478.69,479.69,61665,295.8,3570, 36478, 59.16
HOACFOODS, ST, 14-Jul-2026,700.0,680.0,689.95,670.0,689.95,689.95,677.33,4500,30.48,9, 4125, 91.67
HOLMARC, SM, 14-Jul-2026,110.0,110.2,110.2,107.0,107.0,107.0,108.55,3000,3.26,4, 3000, 100.00
HOMEFIRST, EQ, 14-Jul-2026,1261.0,1265.0,1268.4,1221.1,1225.0,1223.1,1242.57,160522,1994.61,15646, 73973, 46.08
HOMESFY, SM, 14-Jul-2026,117.0,117.0,117.0,117.0,117.0,117.0,117.0,300,0.35,1, 300, 100.00
HONASA, EQ, 14-Jul-2026,472.25,470.75,491.35,470.75,473.1,474.4,479.91,1539009,7385.89,41611, 655655, 42.60
HONAUT, EQ, 14-Jul-2026,38215.0,38200.0,38370.0,37950.0,37960.0,38060.0,38111.47,3189,1215.37,1407, 1957, 61.37
HONDAPOWER, EQ, 14-Jul-2026,2143.5,2142.4,2143.5,2110.0,2121.7,2119.5,2122.56,2264,48.05,491, 1306, 57.69
HPAL, EQ, 14-Jul-2026,34.45,34.79,35.19,34.61,35.1,34.85,34.82,15109,5.26,243, 11432, 75.66
HPIL, EQ, 14-Jul-2026,121.14,125.4,125.4,121.0,124.4,124.39,125.11,469,0.59,13, 450, 95.95
HPL, EQ, 14-Jul-2026,351.05,349.65,350.6,343.8,345.0,345.5,346.13,87182,301.76,2275, 49020, 56.23
HPTL, SM, 14-Jul-2026,280.0,285.6,294.0,285.6,294.0,294.0,291.9,10800,31.53,16, 10800, 100.00
HRHNEXT, SM, 14-Jul-2026,27.3,28.65,28.65,28.65,28.65,28.65,28.65,1500,0.43,1, 1500, 100.00
HSBCGOLD, EQ, 14-Jul-2026,123.61,124.22,129.8,121.55,124.0,125.62,122.57,1437,1.76,45, 356, 24.77
HSCL, EQ, 14-Jul-2026,663.1,662.5,674.7,660.05,671.4,671.4,668.86,5549481,37118.44,52162, 2190293, 39.47
HTMEDIA, EQ, 14-Jul-2026,25.81,25.52,27.75,25.52,27.18,27.16,26.8,1045025,280.09,4134, 724931, 69.37
HUBTOWN, EQ, 14-Jul-2026,210.17,210.17,210.5,202.96,206.05,205.77,206.43,701882,1448.9,6471, 381422, 54.34
HUDCO, EQ, 14-Jul-2026,210.24,208.8,209.0,206.03,207.45,207.85,207.51,1384175,2872.29,18294, 679815, 49.11
HUHTAMAKI, EQ, 14-Jul-2026,221.53,219.7,221.49,215.0,215.39,215.78,218.8,110634,242.07,2679, 71662, 64.77
HVAX, SM, 14-Jul-2026,677.25,709.95,711.1,705.0,709.95,709.95,710.24,2700,19.18,15, 1800, 66.67
HYBRIDFIN, BE, 14-Jul-2026,18.36,18.45,18.98,18.3,18.79,18.79,18.56,8849,1.64,54, -, -
HYUNDAI, EQ, 14-Jul-2026,1994.4,1968.0,1994.7,1948.2,1958.9,1959.7,1966.31,351452,6910.62,24670, 165715, 47.15
IBLFL, SM, 14-Jul-2026,57.75,60.6,60.6,60.6,60.6,60.6,60.6,12000,7.27,5, 12000, 100.00
IBULLSLTD, BE, 14-Jul-2026,31.1,30.93,32.5,30.6,31.23,30.9,31.7,12388994,3927.65,12989, -, -
ICDSLTD, EQ, 14-Jul-2026,40.0,40.0,41.5,40.0,41.5,41.5,41.13,8,0.0,4, 8, 100.00
ICELCO, ST, 14-Jul-2026,167.75,162.5,165.55,159.4,159.4,159.4,161.38,261600,422.18,168, 238800, 91.28
ICEMAKE, EQ, 14-Jul-2026,764.65,764.65,791.0,756.05,782.0,786.25,777.91,35084,272.92,2188, 20512, 58.47
ICICIAMC, EQ, 14-Jul-2026,3205.6,3251.1,3287.7,3090.7,3164.0,3165.8,3156.1,1118987,35316.38,111697, 448490, 40.08
ICICIB22, EQ, 14-Jul-2026,117.23,117.9,117.9,115.87,116.19,116.23,116.22,309570,359.78,3528, 162907, 52.62
ICICIBANK, EQ, 14-Jul-2026,1409.5,1400.0,1411.8,1392.0,1406.4,1407.7,1404.33,14133017,198474.83,172884, 7896949, 55.88
ICICIGI, EQ, 14-Jul-2026,1787.3,1785.1,1800.0,1748.5,1800.0,1788.1,1767.46,1081265,19110.94,32247, 727901, 67.32
ICICIPRULI, EQ, 14-Jul-2026,519.7,520.25,520.25,500.05,504.0,503.95,505.99,1254279,6346.47,40319, 530237, 42.27
ICIL, EQ, 14-Jul-2026,412.3,413.4,421.15,402.0,404.0,403.1,411.38,371311,1527.5,14299, 155916, 41.99
ICRA, EQ, 14-Jul-2026,5284.0,5290.0,5319.5,5233.5,5249.0,5249.5,5280.31,33747,1781.95,6665, 19557, 57.95
IDBI, EQ, 14-Jul-2026,84.07,85.0,88.49,84.64,86.48,86.54,86.78,52823029,45842.29,147471, 8791839, 16.64
IDEA, EQ, 14-Jul-2026,13.96,13.93,14.16,13.74,13.87,13.83,13.91,290140997,40367.12,447016, 92175131, 31.77
IDEAFORGE, BE, 14-Jul-2026,907.5,918.0,918.0,870.15,906.0,903.2,897.25,187809,1685.11,6724, -, -
IDFCFIRSTB, EQ, 14-Jul-2026,80.58,79.91,80.09,78.9,79.3,79.27,79.37,13422071,10653.23,53465, 7084027, 52.78
IDFNIFTYET, EQ, 14-Jul-2026,266.61,266.78,266.84,264.79,264.79,264.79,265.92,406,1.08,30, 272, 67.00
IEML, SM, 14-Jul-2026,43.05,41.55,43.45,41.55,41.55,41.75,42.14,17500,7.37,25, 13000, 74.29
IEX, EQ, 14-Jul-2026,118.8,118.3,118.57,116.26,117.09,117.07,117.23,4801175,5628.56,29849, 2340001, 48.74
IFBAGRO, BE, 14-Jul-2026,1005.45,1024.0,1024.0,966.8,997.0,984.45,989.94,7949,78.69,425, -, -
IFBIND, EQ, 14-Jul-2026,1423.4,1424.7,1473.0,1375.2,1380.0,1384.1,1427.13,224313,3201.23,20219, 95122, 42.41
IFCI, EQ, 14-Jul-2026,76.46,76.0,76.49,74.3,74.44,74.52,75.11,14409046,10823.1,41169, 4705994, 32.66
IFGLEXPOR, EQ, 14-Jul-2026,223.52,224.51,230.85,212.0,217.0,214.86,221.97,75355,167.26,2349, 32922, 43.69
IGARASHI, EQ, 14-Jul-2026,475.45,468.45,472.65,462.1,463.0,464.0,465.77,41835,194.86,2008, 23462, 56.08
IGCL, EQ, 14-Jul-2026,75.42,74.5,75.39,72.99,75.0,74.73,74.31,118641,88.16,1648, 63874, 53.84
IGIL, EQ, 14-Jul-2026,346.1,346.1,346.25,340.15,343.0,343.75,342.76,294313,1008.78,11224, 164467, 55.88
IGL, EQ, 14-Jul-2026,153.07,152.2,153.25,151.54,151.89,151.79,152.27,912225,1389.09,14160, 465198, 51.00
IGPL, EQ, 14-Jul-2026,434.25,435.0,443.75,424.7,441.0,437.3,434.89,25745,111.96,1373, 14062, 54.62
IIFL, EQ, 14-Jul-2026,556.9,554.9,554.9,539.1,541.5,541.5,544.95,1091269,5946.85,40279, 501660, 45.97
IIFLCAPS, EQ, 14-Jul-2026,337.15,338.0,338.8,337.0,338.35,338.1,337.67,106279,358.87,5441, 60569, 56.99
IITL, EQ, 14-Jul-2026,125.35,125.0,127.58,120.65,123.25,122.48,124.47,103607,128.96,1351, 14896, 14.38
IKIO, EQ, 14-Jul-2026,204.81,203.81,230.0,200.0,212.8,214.04,219.56,6824996,14984.72,85950, 506760, 7.43
IKS, EQ, 14-Jul-2026,1903.4,1890.1,1905.0,1875.0,1881.0,1879.4,1889.11,69884,1320.18,7588, 31481, 45.05
IL&FSENGG, BZ, 14-Jul-2026,28.65,28.55,28.55,27.5,28.2,27.74,27.99,44341,12.41,36, -, -
IL&FSTRANS, BZ, 14-Jul-2026,2.18,2.22,2.22,2.12,2.2,2.19,2.18,25821,0.56,56, -, -
IMAGICAA, EQ, 14-Jul-2026,47.15,47.49,49.14,46.56,47.0,47.01,47.61,663131,315.7,3625, 332613, 50.16
IMFA, EQ, 14-Jul-2026,1399.9,1400.0,1452.5,1390.0,1424.0,1419.2,1432.12,168764,2416.91,12801, 70811, 41.96
IMPAL, EQ, 14-Jul-2026,1153.5,1134.8,1151.4,1120.3,1136.5,1144.9,1135.26,4203,47.72,606, 2916, 69.38
INA, EQ, 14-Jul-2026,120.52,119.7,123.79,117.0,117.45,117.48,120.19,2051617,2465.74,15901, 585460, 28.54
INCREDIBLE, EQ, 14-Jul-2026,33.32,33.01,33.99,32.72,33.98,33.98,32.84,525,0.17,17, 508, 96.76
INDBANK, EQ, 14-Jul-2026,33.32,33.75,33.79,33.13,33.15,33.28,33.42,18769,6.27,388, 11441, 60.96
INDGN, EQ, 14-Jul-2026,511.55,516.0,520.0,505.55,507.8,506.85,511.01,106624,544.86,8198, 52015, 48.78
INDHOTEL, EQ, 14-Jul-2026,738.55,736.8,737.0,726.35,734.0,733.3,733.53,1604337,11768.3,33113, 882149, 54.99
INDIACEM, EQ, 14-Jul-2026,381.65,381.65,381.65,374.1,376.7,376.95,377.02,76576,288.71,3935, 31820, 41.55
INDIAGLYCO, EQ, 14-Jul-2026,1088.2,1090.0,1116.55,1071.0,1100.0,1102.65,1100.63,269893,2970.52,13350, 137225, 50.84
INDIAMART, EQ, 14-Jul-2026,1952.6,1958.0,1958.0,1903.0,1927.0,1921.0,1917.96,76073,1459.05,9051, 55063, 72.38
INDIANB, EQ, 14-Jul-2026,842.55,840.0,846.0,824.5,834.15,833.45,832.38,1613902,13433.78,42241, 607933, 37.67
INDIANCARD, EQ, 14-Jul-2026,229.9,237.9,249.65,221.25,221.52,224.41,232.96,13370,31.15,491, 7319, 54.74
INDIANHUME, EQ, 14-Jul-2026,411.55,411.6,415.0,402.4,414.85,414.4,410.64,380290,1561.64,13290, 129364, 34.02
INDIASHLTR, EQ, 14-Jul-2026,823.15,823.15,823.15,810.9,817.0,815.95,815.43,82849,675.57,12350, 56672, 68.40
INDIGO, EQ, 14-Jul-2026,5229.5,5119.0,5131.5,5064.5,5110.0,5108.0,5098.35,1504890,76724.58,101847, 838508, 55.72
INDIGOPNTS, EQ, 14-Jul-2026,1050.5,1039.9,1049.9,1020.2,1039.1,1037.7,1034.89,116848,1209.25,13335, 80657, 69.03
INDIGRID, IV, 14-Jul-2026,179.52,179.89,179.89,177.63,178.0,177.83,178.5,746857,1333.11,8248, 650997, 87.16
INDIQUBE, EQ, 14-Jul-2026,175.05,174.54,176.39,170.61,175.0,174.99,174.76,34514,60.32,876, 28105, 81.43
INDNIPPON, EQ, 14-Jul-2026,1236.1,1240.1,1242.7,1203.0,1214.9,1209.6,1219.59,76377,931.49,7451, 23882, 31.27
INDOAMIN, BE, 14-Jul-2026,124.52,126.48,127.0,124.0,125.4,124.75,125.08,22627,28.3,207, -, -
INDOBORAX, EQ, 14-Jul-2026,472.65,479.0,494.0,478.0,488.5,486.7,486.72,452199,2200.94,12829, 204270, 45.17
INDOCO, EQ, 14-Jul-2026,259.02,259.02,260.91,245.0,248.2,248.53,250.42,205653,514.99,6559, 95368, 46.37
INDOFARM, EQ, 14-Jul-2026,158.9,157.2,158.3,153.14,155.0,154.62,155.34,128960,200.33,2468, 54710, 42.42
INDORAMA, EQ, 14-Jul-2026,49.43,49.27,49.35,46.2,47.05,47.15,47.66,87296,41.6,1183, 55277, 63.32
INDOSTAR, EQ, 14-Jul-2026,269.35,269.0,269.0,261.0,264.0,263.25,263.78,54133,142.79,1293, 32182, 59.45
INDOTECH, BE, 14-Jul-2026,3396.4,3394.0,3550.0,3242.3,3450.0,3472.6,3396.78,30818,1046.82,1610, -, -
INDOTHAI, EQ, 14-Jul-2026,216.93,217.99,219.17,214.35,217.0,216.15,215.85,737195,1591.24,3315, 401496, 54.46
INDOUS, EQ, 14-Jul-2026,89.72,91.19,91.19,88.5,90.17,89.85,89.68,6170,5.53,403, 3333, 54.02
INDOWIND, BE, 14-Jul-2026,9.31,9.3,9.7,9.06,9.47,9.4,9.45,96709,9.13,272, -, -
INDPRUD, EQ, 14-Jul-2026,6548.0,6550.0,6677.0,6550.0,6600.0,6600.0,6602.47,30,1.98,11, 25, 83.33
INDRAMEDCO, EQ, 14-Jul-2026,378.9,376.7,380.2,368.3,375.7,373.9,374.37,92762,347.27,3868, 49485, 53.35
INDSWFTLAB, EQ, 14-Jul-2026,237.7,235.4,235.47,227.0,230.0,229.86,231.03,780003,1802.06,10315, 294250, 37.72
INDTERRAIN, EQ, 14-Jul-2026,31.8,31.5,31.89,30.15,30.94,30.94,30.9,16615,5.13,234, 12135, 73.04
INDUSINDBK, EQ, 14-Jul-2026,1012.9,1008.9,1009.0,994.1,997.4,997.35,999.49,767488,7670.95,29549, 317330, 41.35
INDUSINVIT, IV, 14-Jul-2026,128.27,128.49,129.0,127.5,128.08,127.95,128.21,181956,233.28,5043, 139470, 76.65
INDUSTOWER, EQ, 14-Jul-2026,409.55,406.0,409.85,403.3,405.85,405.25,406.33,3968907,16126.94,54899, 2293063, 57.78
INFINIUM, SM, 14-Jul-2026,207.25,214.5,214.5,205.25,208.15,209.7,210.57,5000,10.53,10, 3000, 60.00
INFLUX, SM, 14-Jul-2026,305.0,305.0,305.0,293.0,293.5,294.95,298.12,9600,28.62,16, 5400, 56.25
INFOBEAN, EQ, 14-Jul-2026,167.85,167.85,168.0,162.41,165.5,163.61,164.82,296610,488.88,3866, 150659, 50.79
INFOLLION, SM, 14-Jul-2026,172.25,172.3,198.0,172.3,183.55,183.55,182.84,31600,57.78,69, 21600, 68.35
INFOMEDIA, EQ, 14-Jul-2026,5.71,5.54,5.83,5.54,5.73,5.58,5.63,8548,0.48,64, 2096, 24.52
INFRA, EQ, 14-Jul-2026,12.29,12.25,12.3,12.2,12.3,12.25,12.23,16819,2.06,159, 16356, 97.25
INFRABEES, EQ, 14-Jul-2026,969.35,965.0,967.69,960.62,964.5,965.85,965.65,4984,48.13,440, 2619, 52.55
INFRAIETF, EQ, 14-Jul-2026,96.59,96.41,96.59,95.64,96.59,96.3,96.23,54288,52.24,2748, 26666, 49.12
INFY, EQ, 14-Jul-2026,1102.6,1107.8,1113.5,1090.0,1092.1,1092.9,1099.29,14819413,162909.05,264399, 7471404, 50.42
INGERRAND, EQ, 14-Jul-2026,4444.4,4440.0,4440.0,4368.3,4380.3,4391.8,4388.72,4743,208.16,1120, 2511, 52.94
INNOMET, ST, 14-Jul-2026,160.55,163.75,163.75,163.75,163.75,163.75,163.75,42600,69.76,22, 42600, 100.00
INNOVACAP, EQ, 14-Jul-2026,1000.1,1006.75,1006.75,985.2,985.2,993.55,994.8,24590,244.62,2786, 13348, 54.28
INNOVANA, EQ, 14-Jul-2026,331.7,331.7,332.0,315.35,320.0,319.15,330.42,2953,9.76,91, 2508, 84.93
INNOVISION, EQ, 14-Jul-2026,290.45,290.0,297.75,288.2,290.3,290.1,291.82,35989,105.02,1464, 23468, 65.21
INOXGREEN, EQ, 14-Jul-2026,190.58,189.9,189.94,183.46,185.98,185.95,186.05,1542657,2870.12,12220, 917681, 59.49
INOXINDIA, EQ, 14-Jul-2026,1890.7,1900.0,1900.0,1820.0,1852.0,1851.8,1847.6,221284,4088.45,16826, 93790, 42.38
INOXWIND, EQ, 14-Jul-2026,81.09,80.8,80.87,78.8,78.96,79.05,79.55,10276009,8174.62,45178, 4773026, 46.45
INSECTICID, EQ, 14-Jul-2026,665.75,665.75,669.0,650.0,655.0,658.2,658.97,20995,138.35,1503, 14105, 67.18
INSPIRISYS, BE, 14-Jul-2026,102.87,103.0,103.6,100.0,101.97,101.97,101.37,1593,1.61,29, -, -
INTELLECT, EQ, 14-Jul-2026,778.3,777.0,781.95,751.95,758.6,757.8,762.85,565957,4317.39,21110, 343289, 60.66
INTENTECH, EQ, 14-Jul-2026,96.99,97.48,97.51,94.21,94.6,94.87,95.78,19647,18.82,280, 15576, 79.28
INTERARCH, EQ, 14-Jul-2026,1834.5,1842.9,1842.9,1805.4,1814.0,1812.6,1818.57,28264,514.0,4507, 15844, 56.06
INTERNET, EQ, 14-Jul-2026,13.54,13.6,13.6,13.4,13.45,13.44,13.42,109569,14.7,165, 98527, 89.92
INTLCONV, EQ, 14-Jul-2026,79.81,80.7,81.09,79.0,80.25,80.28,80.06,23739,19.01,371, 19491, 82.11
INVENTURE, EQ, 14-Jul-2026,0.92,0.93,0.93,0.9,0.91,0.9,0.91,804211,7.32,374, 587685, 73.08
INVICTA, ST, 14-Jul-2026,68.5,67.5,67.5,67.5,67.5,67.5,67.5,1600,1.08,1, 1600, 100.00
INVPRECQ, EQ, 14-Jul-2026,802.1,793.15,818.95,793.15,815.0,807.65,812.04,4325,35.12,223, 3718, 85.97
IOB, EQ, 14-Jul-2026,34.15,33.95,34.2,33.56,33.73,33.68,33.75,2480783,837.24,10783, 1279444, 51.57
IOC, EQ, 14-Jul-2026,139.95,137.99,138.69,136.7,137.01,137.05,137.35,14151551,19437.15,75987, 8252063, 58.31
IOLCP, EQ, 14-Jul-2026,169.09,168.8,179.0,165.9,174.5,173.78,174.84,9033619,15794.18,58131, 1997074, 22.11
IONEXCHANG, EQ, 14-Jul-2026,451.7,449.0,449.8,438.05,441.25,440.55,442.86,535776,2372.75,20649, 204948, 38.25
IPCALAB, EQ, 14-Jul-2026,1823.3,1823.0,1850.5,1812.3,1827.0,1840.4,1839.92,241497,4443.36,28408, 113408, 46.96
IPHL, SM, 14-Jul-2026,55.4,56.0,56.0,56.0,56.0,56.0,56.0,3600,2.02,3, 3600, 100.00
IPL, EQ, 14-Jul-2026,156.76,157.9,157.9,153.82,155.74,155.26,155.27,124079,192.66,1842, 78096, 62.94
IRB, EQ, 14-Jul-2026,20.32,20.33,20.33,20.09,20.21,20.19,20.17,6931815,1397.81,15141, 3814157, 55.02
IRBINVIT, IV, 14-Jul-2026,61.77,61.97,62.0,61.51,61.56,61.57,61.73,344597,212.71,3502, 256405, 74.41
IRCON, EQ, 14-Jul-2026,131.81,130.5,131.15,129.0,129.4,129.52,129.67,1237453,1604.58,13947, 564856, 45.65
IRCTC, EQ, 14-Jul-2026,502.05,500.1,501.4,496.05,497.0,496.95,497.67,1122129,5584.5,35581, 710545, 63.32
IREDA, EQ, 14-Jul-2026,124.81,123.6,124.19,121.5,122.1,122.08,122.26,5424746,6632.41,30962, 2209251, 40.73
IRFC, EQ, 14-Jul-2026,89.75,89.5,89.6,88.51,88.69,88.71,88.85,6693634,5947.49,45475, 3182556, 47.55
IRIS, EQ, 14-Jul-2026,257.95,257.9,259.65,250.5,254.1,255.25,253.8,18743,47.57,653, 12193, 65.05
IRISDOREME, EQ, 14-Jul-2026,43.82,43.82,44.89,43.01,43.9,43.82,44.07,215100,94.79,1776, 103115, 47.94
IRMENERGY, EQ, 14-Jul-2026,266.0,266.0,266.95,263.1,265.8,265.15,264.71,63752,168.76,1394, 33181, 52.05
ISFT, EQ, 14-Jul-2026,77.65,79.2,79.5,76.25,78.65,78.63,78.58,8575,6.74,126, 7367, 85.91
ISGEC, EQ, 14-Jul-2026,899.75,899.0,903.2,885.8,897.0,896.7,894.06,22331,199.65,2398, 13157, 58.92
ISHAN, SM, 14-Jul-2026,0.55,0.55,0.55,0.5,0.5,0.5,0.51,2112000,10.68,31, 1392000, 65.91
ISHANCH, EQ, 14-Jul-2026,55.36,56.4,56.4,54.01,55.29,54.39,54.58,10327,5.64,106, 5831, 56.46
IT, EQ, 14-Jul-2026,32.15,31.34,32.55,31.34,31.95,31.81,32.26,2733169,881.8,1428, 2088837, 76.43
ITADD, EQ, 14-Jul-2026,30.7,30.85,30.98,29.83,29.83,30.33,30.61,16808,5.14,179, 9761, 58.07
ITAXIS, EQ, 14-Jul-2026,318.92,318.7,322.27,315.42,316.4,315.7,317.16,2063,6.54,73, 1334, 64.66
ITBEES, EQ, 14-Jul-2026,32.16,32.96,32.96,31.71,31.8,31.85,32.08,19093885,6125.02,23446, 8779982, 45.98
ITBETA, EQ, 14-Jul-2026,304.85,305.48,307.9,300.85,301.29,300.91,304.96,2004,6.11,21, 1507, 75.20
ITC, EQ, 14-Jul-2026,279.65,279.25,280.65,275.0,275.3,275.55,276.73,15018851,41560.99,319838, 8623726, 57.42
ITCHOTELS, EQ, 14-Jul-2026,186.5,186.0,186.55,180.75,182.1,182.07,182.4,3004017,5479.33,36846, 1798534, 59.87
ITDC, EQ, 14-Jul-2026,704.4,700.0,704.7,680.15,685.55,683.45,688.83,384003,2645.12,13254, 78728, 20.50
ITETF, EQ, 14-Jul-2026,30.66,30.69,30.95,30.29,30.38,30.32,30.59,567687,173.66,987, 206237, 36.33
ITI, EQ, 14-Jul-2026,290.55,290.55,292.15,285.1,286.5,286.55,288.3,203182,585.77,5651, 92788, 45.67
ITIETF, EQ, 14-Jul-2026,32.14,32.94,32.94,31.5,31.5,31.77,32.11,778022,249.85,1769, 429333, 55.18
ITTL, ST, 14-Jul-2026,73.5,73.5,73.5,73.5,73.5,73.5,73.5,210,0.15,2, 210, 100.00
IVALUE, EQ, 14-Jul-2026,309.1,310.65,313.15,303.75,308.15,307.6,308.54,238562,736.05,8492, 97725, 40.96
IVC, EQ, 14-Jul-2026,8.14,8.15,8.16,8.06,8.16,8.12,8.11,103380,8.38,552, 78211, 75.65
IVP, BE, 14-Jul-2026,162.55,164.75,166.0,161.11,163.48,162.81,163.56,3749,6.13,115, -, -
IVZINGOLD, EQ, 14-Jul-2026,123.0,122.4,122.65,121.75,122.1,122.0,122.08,15903,19.41,132, 11994, 75.42
IVZINNIFTY, EQ, 14-Jul-2026,2766.11,2760.0,2760.0,2748.15,2748.15,2748.15,2754.37,32,0.88,7, 32, 100.00
IWARE, ST, 14-Jul-2026,443.85,443.85,466.0,422.0,466.0,466.0,453.01,107400,486.53,151, 97200, 90.50
IWP, EQ, 14-Jul-2026,33.43,32.76,33.88,32.36,33.52,32.68,32.8,3122,1.02,50, 2255, 72.23
IXIGO, EQ, 14-Jul-2026,210.43,209.4,211.78,206.09,207.0,206.93,207.85,1019067,2118.11,17977, 528992, 51.91
IZMO, EQ, 14-Jul-2026,1060.3,1059.9,1113.3,1051.3,1084.0,1072.3,1103.57,461227,5089.97,10705, 161130, 34.94
J&KBANK, EQ, 14-Jul-2026,182.6,181.75,182.2,176.73,178.2,177.4,178.64,3442411,6149.61,29309, 1100050, 31.96
JAGRAN, EQ, 14-Jul-2026,63.9,63.9,64.14,63.3,63.44,63.39,63.6,134116,85.3,1891, 80243, 59.83
JAGSNPHARM, EQ, 14-Jul-2026,230.06,229.0,229.91,224.92,225.05,225.73,226.69,35898,81.38,1553, 18833, 52.46
JAIBALAJI, BE, 14-Jul-2026,66.38,66.38,66.6,65.5,65.72,65.74,65.98,79147,52.22,459, -, -
JAICORPLTD, EQ, 14-Jul-2026,111.66,110.9,111.49,108.97,109.79,109.53,110.06,379650,417.82,3175, 214300, 56.45
JAINAM, SM, 14-Jul-2026,250.0,241.0,241.0,241.0,241.0,241.0,241.0,3000,7.23,2, 3000, 100.00
JAINIK, SM, 14-Jul-2026,145.0,143.0,146.7,143.0,146.7,146.7,144.85,2400,3.48,2, 2400, 100.00
JAINREC, EQ, 14-Jul-2026,338.5,337.9,339.85,320.6,330.0,330.0,328.82,2316325,7616.6,44635, 913775, 39.45
JAIPURKURT, EQ, 14-Jul-2026,28.5,28.6,28.6,27.55,27.91,28.0,28.03,787,0.22,74, 705, 89.58
JALAN, ST, 14-Jul-2026,1.85,1.85,1.85,1.85,1.85,1.85,1.85,3000,0.06,1, 3000, 100.00
JAMNAAUTO, EQ, 14-Jul-2026,135.36,134.05,134.81,129.52,129.55,130.03,131.55,1524308,2005.29,15409, 826008, 54.19
JARO, EQ, 14-Jul-2026,524.9,530.0,530.0,497.0,497.5,498.5,509.05,123684,629.61,3830, 69587, 56.26
JASH, EQ, 14-Jul-2026,544.4,541.95,542.35,530.9,535.9,532.4,534.17,108295,578.48,3706, 57528, 53.12
JAYAGROGN, EQ, 14-Jul-2026,222.95,224.8,224.8,217.56,221.5,222.06,221.96,5047,11.2,225, 2805, 55.58
JAYBARMARU, EQ, 14-Jul-2026,197.15,195.42,207.0,194.0,200.0,199.18,203.03,2204261,4475.2,20155, 796855, 36.15
JAYBEE, SM, 14-Jul-2026,101.5,100.6,102.95,99.5,100.0,99.8,101.4,16500,16.73,27, 13500, 81.82
JAYESH, SM, 14-Jul-2026,141.0,138.0,138.0,130.0,134.9,132.7,133.48,10000,13.35,9, 6000, 60.00
JAYKAY, EQ, 14-Jul-2026,183.53,184.0,184.0,170.15,172.9,171.48,174.22,473561,825.05,7104, 252896, 53.40
JAYNECOIND, EQ, 14-Jul-2026,93.93,93.6,93.78,90.02,90.05,90.43,91.47,3339602,3054.78,21708, 1793249, 53.70
JAYSREETEA, EQ, 14-Jul-2026,84.54,84.41,84.99,83.01,83.4,83.23,83.76,18277,15.31,378, 10755, 58.84
JBCHEPHARM, EQ, 14-Jul-2026,2460.0,2460.0,2491.0,2449.1,2491.0,2487.6,2480.65,837560,20776.92,39607, 660720, 78.89
JBMA, EQ, 14-Jul-2026,696.55,692.05,692.05,679.55,680.0,684.1,684.78,296208,2028.37,12080, 105527, 35.63
JETFREIGHT, EQ, 14-Jul-2026,22.64,22.7,24.1,22.01,23.7,23.7,23.33,633629,147.83,2034, 402031, 63.45
JEYYAM, ST, 14-Jul-2026,22.45,21.7,23.55,21.6,23.55,23.55,22.89,76000,17.4,36, 68000, 89.47
JGCHEM, EQ, 14-Jul-2026,454.35,453.05,456.0,437.65,446.9,445.85,444.44,77580,344.79,2515, 43113, 55.57
JHS, EQ, 14-Jul-2026,7.53,7.53,7.55,7.41,7.44,7.44,7.48,20915,1.56,110, 17916, 85.66
JINDALPHOT, EQ, 14-Jul-2026,1189.5,1189.5,1210.0,1152.2,1162.0,1163.7,1185.47,4074,48.3,648, 2026, 49.73
JINDALPOLY, EQ, 14-Jul-2026,687.6,687.6,687.6,666.6,673.5,672.4,677.11,13782,93.32,1121, 6565, 47.63
JINDALSAW, EQ, 14-Jul-2026,268.6,265.7,273.1,253.15,260.0,258.85,262.38,4361079,11442.43,64933, 1127290, 25.85
JINDALSTEL, EQ, 14-Jul-2026,1028.8,1026.7,1049.9,1025.0,1040.0,1040.1,1039.93,2286094,23773.68,55056, 1156544, 50.59
JINDRILL, EQ, 14-Jul-2026,625.55,638.95,643.5,620.0,621.8,626.2,627.04,585468,3671.13,13521, 102493, 17.51
JINDWORLD, EQ, 14-Jul-2026,29.77,30.15,30.15,29.6,29.76,29.9,29.85,403771,120.51,2645, 186051, 46.08
JIOFIN, EQ, 14-Jul-2026,241.41,239.7,239.89,235.2,236.06,235.97,236.99,10014430,23733.06,77063, 5475396, 54.68
JISLDVREQS, EQ, 14-Jul-2026,23.27,23.0,23.48,22.66,22.75,22.71,23.0,39895,9.18,159, 27108, 67.95
JISLJALEQS, EQ, 14-Jul-2026,32.23,32.0,32.0,31.12,31.15,31.27,31.4,2664120,836.44,7099, 1985096, 74.51
JITFINFRA, EQ, 14-Jul-2026,357.6,378.2,393.35,366.3,393.35,393.35,389.45,460302,1792.64,5934, 140893, 30.61
JKCEMENT, EQ, 14-Jul-2026,5361.5,5380.0,5384.0,5302.0,5354.0,5353.0,5346.12,20115,1075.37,7283, 8921, 44.35
JKIL, EQ, 14-Jul-2026,506.25,508.2,508.2,495.0,495.0,496.95,501.77,55473,278.35,3162, 34520, 62.23
JKIPL, BE, 14-Jul-2026,99.54,100.03,102.0,96.3,99.0,99.08,99.55,6888,6.86,92, -, -
JKLAKSHMI, EQ, 14-Jul-2026,564.15,567.0,567.4,560.2,562.7,561.6,562.54,112233,631.35,8229, 55552, 49.50
JKPAPER, EQ, 14-Jul-2026,369.05,364.95,373.0,364.95,367.4,368.95,368.88,336723,1242.11,12982, 159818, 47.46
JKTYRE, EQ, 14-Jul-2026,410.1,403.95,409.1,400.25,401.2,401.95,403.27,1064873,4294.34,20164, 599141, 56.26
JLHL, EQ, 14-Jul-2026,1463.7,1470.0,1489.0,1451.1,1485.0,1483.5,1477.7,22100,326.57,1631, 16120, 72.94
JMA, EQ, 14-Jul-2026,89.1,89.09,90.99,88.0,88.92,88.41,88.69,11574,10.27,121, 8039, 69.46
JMFINANCIL, EQ, 14-Jul-2026,127.26,126.41,126.99,122.51,122.9,122.96,123.85,1978064,2449.74,17858, 1205851, 60.96
JNKINDIA, EQ, 14-Jul-2026,504.95,507.4,536.9,493.45,532.0,529.7,520.46,1033205,5377.37,23558, 334813, 32.41
JOCIL, BE, 14-Jul-2026,144.04,144.0,151.0,143.0,145.0,148.78,147.16,3589,5.28,26, -, -
JPOLYINVST, EQ, 14-Jul-2026,1117.5,1116.0,1139.0,1092.7,1111.8,1105.4,1114.72,7761,86.51,786, 4697, 60.52
JPPOWER, EQ, 14-Jul-2026,16.79,16.8,17.03,16.65,16.66,16.66,16.8,47062728,7904.46,32143, 14853222, 31.56
JSFB, EQ, 14-Jul-2026,486.75,486.9,492.2,481.05,492.0,489.95,487.28,692361,3373.75,17139, 376396, 54.36
JSL, EQ, 14-Jul-2026,703.35,705.0,723.0,700.0,721.0,721.8,716.68,534904,3833.55,23520, 302995, 56.64
JSLL, EQ, 14-Jul-2026,580.45,577.05,583.5,565.2,567.95,567.65,572.29,283759,1623.93,9726, 138041, 48.65
JSWCEMENT, EQ, 14-Jul-2026,138.29,137.93,138.5,136.0,136.65,136.75,137.16,2154689,2955.34,11660, 1622747, 75.31
JSWDULUX, EQ, 14-Jul-2026,2942.1,2937.0,2966.4,2878.0,2895.5,2889.9,2897.94,13335,386.44,3362, 7206, 54.04
JSWENERGY, EQ, 14-Jul-2026,553.65,557.0,564.0,550.65,557.5,557.25,557.53,2818707,15715.26,49710, 1048829, 37.21
JSWHL, EQ, 14-Jul-2026,11420.0,11420.0,11420.0,11191.0,11248.0,11212.0,11252.66,2153,242.27,1223, 1266, 58.80
JSWINFRA, EQ, 14-Jul-2026,351.2,350.95,350.95,340.6,343.85,347.25,345.45,4268837,14746.6,48799, 2197511, 51.48
JSWSTEEL, EQ, 14-Jul-2026,1237.4,1225.1,1254.8,1225.1,1246.6,1247.7,1245.66,1042163,12981.81,51704, 441182, 42.33
JTEKTINDIA, EQ, 14-Jul-2026,144.09,144.09,144.49,140.8,141.44,141.3,141.68,98576,139.66,1713, 62723, 63.63
JTLIND, EQ, 14-Jul-2026,78.24,77.71,79.4,77.61,78.0,78.07,78.53,2592883,2036.25,10520, 1290335, 49.76
JUBLCPL, EQ, 14-Jul-2026,2051.3,2053.9,2071.0,1992.0,2005.0,1999.1,2009.79,4595,92.35,840, 2749, 59.83
JUBLFOOD, EQ, 14-Jul-2026,431.4,429.0,433.7,419.5,420.5,421.5,424.96,1952000,8295.28,35981, 802564, 41.11
JUBLINGREA, EQ, 14-Jul-2026,733.2,732.95,741.75,716.1,717.2,724.05,726.76,445465,3237.47,18327, 236731, 53.14
JUBLPHARMA, EQ, 14-Jul-2026,972.7,973.55,982.0,967.8,978.0,974.45,976.9,56096,548.0,10786, 27854, 49.65
JUNIORBEES, EQ, 14-Jul-2026,779.19,779.0,779.0,772.0,776.08,776.39,774.73,297157,2302.18,8350, 159224, 53.58
JUNIPER, EQ, 14-Jul-2026,199.95,199.0,200.7,196.5,197.75,196.82,198.41,49067,97.35,1029, 28743, 58.58
JUSTDIAL, EQ, 14-Jul-2026,676.85,712.4,809.0,712.0,803.0,790.15,762.83,42569366,324733.05,669246, 2777609, 6.52
JWL, EQ, 14-Jul-2026,259.65,258.1,258.55,254.0,255.1,255.15,255.76,601326,1537.93,13202, 220867, 36.73
JYOTHYLAB, EQ, 14-Jul-2026,200.66,200.65,201.97,198.42,200.08,199.94,200.07,682610,1365.69,10324, 449871, 65.90
JYOTICNC, EQ, 14-Jul-2026,784.9,780.2,808.95,775.0,787.0,782.8,793.85,1442191,11448.88,38532, 425940, 29.53
JYOTIGLOBL, SM, 14-Jul-2026,41.0,42.0,42.0,42.0,42.0,42.0,42.0,4000,1.68,2, 4000, 100.00
JYOTISTRUC, EQ, 14-Jul-2026,11.45,11.45,11.6,11.36,11.41,11.41,11.47,3312868,379.93,3718, 1600041, 48.30
K2INFRA, ST, 14-Jul-2026,60.6,60.0,61.05,59.55,60.0,60.35,60.11,12000,7.21,18, 10200, 85.00
KABRAEXTRU, EQ, 14-Jul-2026,315.65,315.1,340.0,306.0,318.65,317.75,327.76,500077,1639.05,16635, 88161, 17.63
KAJARIACER, EQ, 14-Jul-2026,1236.4,1243.6,1271.5,1230.7,1238.5,1234.5,1245.37,353134,4397.82,23990, 197218, 55.85
KAKATCEM, BE, 14-Jul-2026,116.08,116.08,120.18,116.0,116.3,119.66,119.05,1253,1.49,25, -, -
KALAMANDIR, EQ, 14-Jul-2026,101.85,101.77,101.77,98.94,99.0,99.22,99.79,681632,680.19,7616, 444224, 65.17
KALANA, SM, 14-Jul-2026,18.5,18.5,18.5,18.5,18.5,18.5,18.5,10000,1.85,5, 10000, 100.00
KALPATARU, EQ, 14-Jul-2026,284.9,284.9,287.7,279.05,280.0,281.1,281.38,62483,175.81,2810, 33841, 54.16
KALYANIFRG, EQ, 14-Jul-2026,613.05,617.0,620.0,615.0,615.1,619.15,618.85,243,1.5,46, 178, 73.25
KALYANKJIL, EQ, 14-Jul-2026,510.65,515.55,535.0,507.3,531.0,529.75,525.68,95814205,503673.78,670397, 13158437, 13.73
KAMAHOLD, EQ, 14-Jul-2026,2554.6,2563.1,2573.9,2525.0,2556.0,2542.6,2554.22,1612,41.17,408, 984, 61.04
KAMATHOTEL, EQ, 14-Jul-2026,186.65,185.0,186.0,182.0,183.75,183.1,184.26,17046,31.41,605, 10541, 61.84
KAMDHENU, BE, 14-Jul-2026,32.05,31.75,33.0,31.05,31.61,31.46,31.59,375576,118.63,636, -, -
KAMOPAINTS, EQ, 14-Jul-2026,4.8,4.9,4.95,4.69,4.74,4.71,4.76,735128,35.01,1254, 542306, 73.77
KANANIIND, EQ, 14-Jul-2026,1.54,1.53,1.6,1.51,1.53,1.52,1.55,66633,1.03,153, 51080, 76.66
KANCHI, BE, 14-Jul-2026,364.05,355.55,372.0,355.55,366.0,364.25,360.31,153,0.55,19, -, -
KANDARP, SM, 14-Jul-2026,105.0,105.5,105.5,105.5,105.5,105.5,105.5,1000,1.06,1, 1000, 100.00
KANORICHEM, BE, 14-Jul-2026,133.36,133.35,139.0,131.5,135.99,132.63,135.97,13267,18.04,190, -, -
KANPRPLA, EQ, 14-Jul-2026,202.94,202.0,209.5,195.11,196.0,196.06,200.49,7814,15.67,617, 4176, 53.44
KANSAINER, EQ, 14-Jul-2026,202.32,202.89,204.12,195.0,197.6,197.03,198.84,217611,432.7,5545, 126135, 57.96
KAPSTON, EQ, 14-Jul-2026,413.7,413.7,419.95,406.15,415.0,414.15,415.56,18760,77.96,1063, 9178, 48.92
KARMAENG, EQ, 14-Jul-2026,39.98,40.8,40.8,38.6,38.61,38.69,38.99,5653,2.2,66, 4581, 81.04
KARNIKA, SM, 14-Jul-2026,123.05,124.95,125.75,122.05,123.9,123.75,123.85,104000,128.81,96, 72000, 69.23
KARURVYSYA, EQ, 14-Jul-2026,308.4,309.0,309.3,299.0,299.6,299.55,302.77,1694808,5131.34,33709, 1016124, 59.96
KATARIA, SM, 14-Jul-2026,100.7,102.0,103.9,99.0,99.0,99.0,101.22,10200,10.32,17, 8400, 82.35
KAUSHALYA, BE, 14-Jul-2026,982.75,933.65,933.65,933.65,933.65,933.65,933.65,473,4.42,59, -, -
KAVDEFENCE, EQ, 14-Jul-2026,61.67,61.0,61.9,58.71,60.1,60.2,60.19,114776,69.08,2023, 64170, 55.91
KAYA, EQ, 14-Jul-2026,243.06,238.25,248.86,238.25,242.1,242.1,242.07,4326,10.47,140, 3668, 84.79
KAYNES, EQ, 14-Jul-2026,3319.5,3295.0,3330.0,3275.0,3296.1,3288.4,3293.87,521969,17192.97,38934, 177711, 34.05
KAYTEX, SM, 14-Jul-2026,60.5,60.2,61.6,58.3,58.3,59.1,59.88,8800,5.27,10, 4000, 45.45
KCEIL, ST, 14-Jul-2026,88.05,87.5,87.6,85.0,86.0,86.0,85.95,13500,11.6,25, 13500, 100.00
KCK, SM, 14-Jul-2026,16.0,16.65,16.8,15.85,15.9,15.95,16.07,1070000,171.99,154, 877500, 82.01
KCP, EQ, 14-Jul-2026,174.04,173.51,175.46,170.0,171.9,171.57,173.24,121463,210.42,3481, 57143, 47.05
KCPSUGIND, EQ, 14-Jul-2026,21.97,21.97,22.08,21.55,21.57,21.64,21.78,130378,28.39,487, 85639, 65.69
KDDL, EQ, 14-Jul-2026,3363.2,3275.5,3357.6,3248.9,3269.0,3265.6,3283.69,13011,427.24,2241, 7480, 57.49
KDL, SM, 14-Jul-2026,116.2,116.25,121.9,112.1,112.8,113.1,115.47,11850,13.68,70, 5850, 49.37
KEC, EQ, 14-Jul-2026,495.85,494.0,494.65,488.35,490.4,489.9,490.75,518996,2546.96,16399, 292665, 56.39
KECL, BE, 14-Jul-2026,116.91,116.91,119.7,113.0,117.57,118.33,117.0,89692,104.94,535, -, -
KEEPLEARN, EQ, 14-Jul-2026,1.87,1.87,1.92,1.71,1.89,1.88,1.83,47239,0.86,84, 24689, 52.26
KEI, EQ, 14-Jul-2026,5112.0,5062.0,5142.5,4998.0,5100.0,5120.5,5064.98,299911,15190.44,39899, 97006, 32.34
KEL, SM, 14-Jul-2026,79.4,79.4,79.4,79.4,79.4,79.4,79.4,1200,0.95,1, 1200, 100.00
KELLTONTEC, EQ, 14-Jul-2026,15.45,15.53,15.54,15.01,15.05,15.08,15.15,1436036,217.56,3436, 713896, 49.71
KEN, SM, 14-Jul-2026,35.3,35.25,35.5,34.7,34.7,34.7,35.06,13200,4.63,10, 13200, 100.00
KENNAMET, EQ, 14-Jul-2026,2769.1,2730.1,2855.0,2725.0,2800.0,2822.0,2802.24,12250,343.27,2388, 8481, 69.23
KERNEX, EQ, 14-Jul-2026,2233.4,2249.0,2249.0,2160.0,2183.0,2192.9,2208.83,207006,4572.41,16331, 60256, 29.11
KESORAMIND, BE, 14-Jul-2026,10.56,10.35,10.77,10.35,10.77,10.77,10.59,257148,27.23,254, -, -
KEYFINSERV, EQ, 14-Jul-2026,259.37,260.66,268.9,258.0,258.0,262.97,263.08,788,2.07,78, 543, 68.91
KFINTECH, EQ, 14-Jul-2026,925.85,928.0,928.0,893.55,895.0,898.25,908.07,1158303,10518.21,31076, 553763, 47.81
KHADIM, BE, 14-Jul-2026,101.34,99.98,102.38,99.0,101.0,100.79,100.11,10007,10.02,517, -, -
KHAICHEM, BE, 14-Jul-2026,51.92,51.92,52.8,49.91,50.4,50.24,50.5,130612,65.95,824, -, -
KHAITANLTD, BE, 14-Jul-2026,132.9,130.6,134.0,130.01,131.11,131.11,131.49,695,0.91,15, -, -
KHANDSE, EQ, 14-Jul-2026,17.47,17.82,17.82,16.7,17.39,17.33,17.26,1772,0.31,60, 1605, 90.58
KHFM, SM, 14-Jul-2026,51.85,51.95,51.95,48.25,49.5,49.4,49.38,31000,15.31,19, 24800, 80.00
KICL, EQ, 14-Jul-2026,5679.5,5660.5,5749.5,5551.0,5625.0,5572.0,5654.26,2717,153.63,764, 1832, 67.43
KILITCH, BE, 14-Jul-2026,179.71,179.0,179.75,171.11,175.95,175.34,174.98,23278,40.73,324, -, -
KIMS, EQ, 14-Jul-2026,800.95,805.05,812.0,795.05,807.0,806.7,802.13,426096,3417.85,16319, 228886, 53.72
KINGFA, EQ, 14-Jul-2026,5117.0,5141.0,5141.0,4987.0,5016.0,5056.0,5044.82,4895,246.94,1753, 2739, 55.96
KIOCL, EQ, 14-Jul-2026,386.5,384.6,392.9,378.5,380.0,379.3,384.56,96848,372.43,3523, 39343, 40.62
KIRANVYPAR, EQ, 14-Jul-2026,194.04,188.01,193.0,188.0,192.3,192.25,189.89,1142,2.17,28, 753, 65.94
KIRIINDUS, EQ, 14-Jul-2026,402.2,400.05,409.45,397.45,399.65,399.1,402.18,174990,703.77,4665, 78811, 45.04
KIRLFER, EQ, 14-Jul-2026,472.55,470.0,472.0,460.0,462.2,462.1,465.73,43673,203.4,3385, 22255, 50.96
KIRLOSBROS, EQ, 14-Jul-2026,1950.0,1945.0,1964.0,1885.0,1945.0,1929.9,1921.36,92515,1777.54,15038, 40336, 43.60
KIRLOSENG, EQ, 14-Jul-2026,2436.2,2435.0,2435.0,2345.6,2365.1,2362.3,2370.87,401445,9517.76,36769, 147862, 36.83
KIRLOSIND, EQ, 14-Jul-2026,4110.9,4109.0,4109.0,3901.1,3941.2,3939.4,3976.15,15849,630.18,3098, 7112, 44.87
KIRLPNU, EQ, 14-Jul-2026,1768.8,1769.9,1770.0,1727.4,1758.0,1749.9,1744.14,57100,995.9,8048, 30568, 53.53
KISSHT, EQ, 14-Jul-2026,324.85,322.45,330.75,321.35,325.0,324.1,325.67,2346895,7643.05,30441, 738757, 31.48
KITEX, EQ, 14-Jul-2026,152.88,153.0,153.32,150.2,150.3,150.71,150.93,369554,557.75,4082, 240458, 65.07
KKCL, EQ, 14-Jul-2026,504.05,501.55,506.0,491.25,501.4,493.9,501.04,42136,211.12,1336, 26921, 63.89
KKJEWELS, SM, 14-Jul-2026,104.0,104.0,104.0,103.1,103.1,103.5,103.54,4000,4.14,4, 4000, 100.00
KLBRENG-B, EQ, 14-Jul-2026,454.9,458.0,464.4,453.0,457.65,457.2,458.53,59020,270.63,2751, 38171, 64.67
KLL, SM, 14-Jul-2026,31.8,31.2,31.2,30.05,30.6,30.6,30.56,8800,2.69,10, 7200, 81.82
KMEW, EQ, 14-Jul-2026,2425.4,2396.0,2396.0,2330.1,2375.0,2341.9,2351.73,57547,1353.35,9327, 24899, 43.27
KMSUGAR, EQ, 14-Jul-2026,27.96,27.68,28.22,27.61,27.61,27.72,27.89,76646,21.38,474, 45652, 59.56
KNACK, EQ, 14-Jul-2026,205.29,204.95,209.84,197.65,205.7,205.06,204.01,3760155,7671.2,33809, 1019585, 27.12
KNAGRI, EQ, 14-Jul-2026,206.9,207.42,208.0,200.25,200.6,202.7,203.5,10883,22.15,324, 7088, 65.13
KNRCON, EQ, 14-Jul-2026,129.02,128.22,128.49,125.15,125.5,125.46,126.16,660749,833.62,7889, 422998, 64.02
KODYTECH, SM, 14-Jul-2026,1263.2,1262.95,1321.0,1240.0,1254.8,1258.1,1293.64,37800,489.0,273, 22500, 59.52
KOHINOOR, EQ, 14-Jul-2026,24.32,23.83,24.5,23.8,23.91,24.03,24.17,110023,26.59,2142, 14460, 13.14
KOKUYOCMLN, EQ, 14-Jul-2026,86.73,87.16,87.76,86.22,87.47,87.31,87.11,22614,19.7,406, 17483, 77.31
KOLTEPATIL, EQ, 14-Jul-2026,387.5,393.45,402.5,378.1,381.6,383.4,387.53,267302,1035.88,9184, 136476, 51.06
KONSTELEC, ST, 14-Jul-2026,58.7,61.6,61.6,61.6,61.6,61.6,61.6,2000,1.23,2, 2000, 100.00
KONTOR, SM, 14-Jul-2026,64.9,59.6,59.6,59.6,59.6,59.6,59.6,1200,0.72,2, 1200, 100.00
KOPRAN, BE, 14-Jul-2026,206.66,203.0,216.0,202.99,207.5,207.28,210.02,256151,537.97,1844, -, -
KORE, SM, 14-Jul-2026,142.0,145.0,148.0,143.0,148.0,148.0,145.0,2500,3.63,6, 2500, 100.00
KOTAKBANK, EQ, 14-Jul-2026,384.65,383.5,383.5,376.1,378.1,378.65,378.3,16237528,61427.04,169778, 8998783, 55.42
KOTARISUG, EQ, 14-Jul-2026,25.83,25.31,26.24,25.31,25.6,25.51,25.58,20895,5.34,227, 15911, 76.15
KOTHARIPET, EQ, 14-Jul-2026,130.79,130.0,131.7,129.27,130.89,130.61,130.31,25081,32.68,717, 13190, 52.59
KOTHARIPRO, EQ, 14-Jul-2026,68.99,69.0,70.91,67.95,68.0,68.84,69.06,9389,6.48,448, 5333, 56.80
KOTIC, EQ, 14-Jul-2026,175.14,175.14,180.0,167.3,176.5,176.4,172.21,31402,54.08,1493, 14301, 45.54
KOTYARK, BE, 14-Jul-2026,34.41,34.0,34.79,33.5,34.5,34.34,34.06,78970,26.9,328, -, -
KOVAI, EQ, 14-Jul-2026,5995.5,6048.0,6057.0,5845.0,5846.0,5862.0,5904.81,5765,340.41,1487, 3179, 55.14
KPEL, EQ, 14-Jul-2026,329.75,328.7,329.4,322.15,324.5,323.15,324.68,107926,350.42,4123, 65444, 60.64
KPIGREEN, EQ, 14-Jul-2026,401.35,401.0,402.45,398.1,398.8,399.3,400.0,250419,1001.68,8781, 132326, 52.84
KPIL, EQ, 14-Jul-2026,1341.7,1341.7,1344.5,1292.1,1300.0,1299.2,1303.75,193629,2524.45,26519, 96056, 49.61
KPITTECH, EQ, 14-Jul-2026,573.45,573.45,576.6,552.5,554.95,555.6,561.85,3059510,17189.92,62355, 1173080, 38.34
KPL, EQ, 14-Jul-2026,2654.9,2689.9,2689.9,2606.5,2660.0,2640.1,2628.55,7581,199.27,1605, 3583, 47.26
KPRMILL, EQ, 14-Jul-2026,1107.2,1107.0,1125.0,1089.1,1119.0,1116.3,1111.81,240727,2676.44,20655, 71664, 29.77
KRBL, EQ, 14-Jul-2026,364.3,362.0,363.15,351.6,352.9,352.75,355.98,608913,2167.59,12921, 375326, 61.64
KREBSBIO, EQ, 14-Jul-2026,54.92,55.6,56.09,54.0,54.34,54.72,54.89,4625,2.54,309, 3671, 79.37
KRIDHANINF, BE, 14-Jul-2026,2.72,2.8,2.8,2.59,2.7,2.59,2.64,62480,1.65,57, -, -
KRISHANA, EQ, 14-Jul-2026,139.0,137.85,138.2,133.05,137.35,136.2,135.72,792981,1076.2,6661, 451943, 56.99
KRISHCA, SM, 14-Jul-2026,165.5,163.05,164.05,163.05,164.0,164.0,163.78,2000,3.28,4, 1000, 50.00
KRISHIVAL, EQ, 14-Jul-2026,399.75,402.45,402.7,401.85,402.65,402.4,402.34,2987,12.02,66, 2875, 96.25
KRISHNADEF, EQ, 14-Jul-2026,1304.8,1295.7,1304.8,1276.1,1279.0,1278.8,1284.31,54794,703.72,5295, 29799, 54.38
KRITI, BE, 14-Jul-2026,68.95,69.29,69.79,68.42,69.48,69.19,68.71,2279,1.57,34, -, -
KRITIKA, EQ, 14-Jul-2026,5.81,5.96,5.96,5.68,5.73,5.74,5.78,83656,4.83,395, 68329, 81.68
KRITINUT, BE, 14-Jul-2026,77.54,78.0,79.3,78.0,79.3,78.93,78.88,7269,5.73,66, -, -
KRMAYURVED, ST, 14-Jul-2026,257.8,255.1,255.1,249.0,251.8,251.8,251.73,23000,57.9,19, 23000, 100.00
KRN, BE, 14-Jul-2026,1224.4,1215.1,1259.0,1208.0,1226.3,1224.3,1230.89,99312,1222.42,8587, -, -
KRONOX, EQ, 14-Jul-2026,150.7,150.7,150.7,145.02,147.0,146.41,147.06,51923,76.36,1520, 28472, 54.84
KROSS, EQ, 14-Jul-2026,185.46,185.05,187.89,183.77,184.6,184.56,185.61,168130,312.06,2407, 75132, 44.69
KRSNAA, EQ, 14-Jul-2026,563.15,565.0,565.0,540.0,549.0,545.4,548.29,50427,276.49,3648, 27039, 53.62
KRT, RR, 14-Jul-2026,115.76,116.49,116.49,115.17,115.34,115.46,115.71,181596,210.13,3016, 156305, 86.07
KRYSTAL, EQ, 14-Jul-2026,600.6,600.3,604.4,600.0,600.0,600.2,600.71,13012,78.16,330, 9085, 69.82
KSB, EQ, 14-Jul-2026,943.15,943.15,947.4,920.25,922.0,922.25,927.67,59219,549.36,7258, 28309, 47.80
KSCL, EQ, 14-Jul-2026,864.35,868.35,873.9,850.0,852.0,851.5,855.2,44559,381.07,2084, 23895, 53.63
KSHINTL, EQ, 14-Jul-2026,875.5,870.0,893.75,858.1,869.0,867.85,873.21,209038,1825.33,12229, 96620, 46.22
KSHITIJPOL, BE, 14-Jul-2026,3.04,2.89,3.19,2.89,2.95,2.89,3.0,8232464,247.04,6180, -, -
KSL, EQ, 14-Jul-2026,972.3,959.05,976.6,921.1,925.0,926.15,943.14,97190,916.64,5714, 31631, 32.55
KSOLVES, EQ, 14-Jul-2026,301.15,298.95,303.6,294.6,294.6,295.85,298.13,36862,109.9,1639, 20514, 55.65
KSR, EQ, 14-Jul-2026,28.7,27.6,29.89,27.6,28.19,27.69,28.33,17402,4.93,398, 13067, 75.09
KTKBANK, EQ, 14-Jul-2026,278.95,278.1,278.1,273.1,274.5,274.15,274.92,1184808,3257.23,17423, 702002, 59.25
KUANTUM, EQ, 14-Jul-2026,76.94,77.32,78.0,75.32,76.89,76.97,76.19,70263,53.53,726, 37821, 53.83
KWIL, EQ, 14-Jul-2026,32.46,32.4,32.64,31.76,31.86,31.81,32.1,5958287,1912.75,14993, 3233385, 54.27
LAGNAM, EQ, 14-Jul-2026,81.99,81.99,81.99,78.6,79.2,80.1,80.33,1643,1.32,66, 1416, 86.18
LAKPRE, BZ, 14-Jul-2026,5.56,5.83,5.83,5.29,5.29,5.29,5.3,6454,0.34,23, -, -
LAKSHYA, ST, 14-Jul-2026,105.0,106.5,106.5,106.5,106.5,106.5,106.5,800,0.85,1, 800, 100.00
LAL, EQ, 14-Jul-2026,8.79,9.08,9.08,8.55,8.78,8.83,8.98,116721,10.49,154, 105402, 90.30
LALPATHLAB, EQ, 14-Jul-2026,1725.1,1734.0,1752.0,1717.4,1744.0,1744.6,1740.98,286027,4979.69,28811, 165047, 57.70
LAMBODHARA, EQ, 14-Jul-2026,113.81,113.4,116.35,111.21,113.9,113.92,114.49,39452,45.17,296, 27550, 69.83
LAMOSAIC, ST, 14-Jul-2026,45.7,44.3,47.65,43.75,46.3,47.05,45.63,63600,29.02,46, 51000, 80.19
LANCORHOL, EQ, 14-Jul-2026,28.07,28.4,28.4,26.56,26.56,26.89,27.48,72899,20.03,521, 50339, 69.05
LANDMARK, EQ, 14-Jul-2026,422.9,418.4,507.45,416.5,507.45,496.4,481.85,9852212,47472.55,178986, 642938, 6.53
LANDSMILL, EQ, 14-Jul-2026,0.75,0.75,0.8,0.74,0.75,0.75,0.76,2986706,22.74,852, 1673734, 56.04
LAOPALA, EQ, 14-Jul-2026,182.21,182.21,183.43,178.6,182.0,181.8,180.29,106093,191.28,3642, 62126, 58.56
LASA, EQ, 14-Jul-2026,7.32,7.49,7.49,7.27,7.29,7.33,7.33,14600,1.07,73, 9987, 68.40
LATENTVIEW, EQ, 14-Jul-2026,303.6,303.0,303.85,297.2,300.4,300.25,301.06,418070,1258.63,10676, 193620, 46.31
LATTEYS, BE, 14-Jul-2026,20.73,21.22,21.22,19.91,20.33,20.42,20.21,30109,6.08,141, -, -
LAURUSLABS, EQ, 14-Jul-2026,1558.6,1557.0,1573.5,1549.5,1559.7,1560.7,1562.31,1288969,20137.63,41065, 590895, 45.84
LAXMICOT, EQ, 14-Jul-2026,15.17,15.3,15.8,14.76,15.07,15.07,15.36,9660,1.48,109, 6443, 66.70
LAXMIDENTL, EQ, 14-Jul-2026,221.94,221.94,226.58,219.1,222.4,221.22,223.08,70568,157.43,2800, 27126, 38.44
LAXMIINDIA, BE, 14-Jul-2026,108.49,109.0,109.45,106.0,106.98,106.47,106.91,23887,25.54,207, -, -
LCCINFOTEC, EQ, 14-Jul-2026,4.45,4.43,4.55,4.3,4.44,4.32,4.43,31964,1.42,107, 29720, 92.98
LEMERITE, EQ, 14-Jul-2026,22.92,22.25,23.36,22.25,23.1,22.9,22.77,548242,124.83,1463, 278966, 50.88
LEMONTREE, EQ, 14-Jul-2026,117.74,117.05,117.05,114.5,114.83,114.86,115.39,2152404,2483.6,28877, 1307839, 60.76
LENSKART, EQ, 14-Jul-2026,539.15,535.0,548.0,533.15,537.5,537.9,538.29,2570962,13839.17,75185, 1449124, 56.37
LEXUS, EQ, 14-Jul-2026,14.32,14.16,14.49,13.9,13.9,13.99,14.11,9050,1.28,62, 8114, 89.66
LFIC, EQ, 14-Jul-2026,142.19,142.1,142.1,142.1,142.1,142.1,142.1,10,0.01,2, 10, 100.00
LGBBROSLTD, EQ, 14-Jul-2026,1584.3,1584.3,1584.3,1529.0,1553.3,1552.8,1552.61,25490,395.76,3530, 14181, 55.63
LGEINDIA, EQ, 14-Jul-2026,1543.5,1536.0,1543.3,1520.2,1523.6,1527.3,1535.04,265580,4076.76,22590, 162464, 61.17
LGHL, EQ, 14-Jul-2026,211.34,207.15,214.0,207.15,209.19,209.83,211.04,20235,42.7,348, 1720, 8.50
LIBAS, EQ, 14-Jul-2026,11.1,11.1,11.22,10.8,11.0,10.86,10.94,13497,1.48,90, 8188, 60.67
LIBERTSHOE, EQ, 14-Jul-2026,267.6,265.95,267.5,262.1,266.0,265.05,264.62,20403,53.99,700, 10582, 51.86
LICHSGFIN, EQ, 14-Jul-2026,551.9,549.5,553.7,543.35,549.4,549.6,549.04,1622604,8908.79,29290, 760838, 46.89
LICI, EQ, 14-Jul-2026,441.3,439.8,442.75,431.8,433.0,435.4,437.33,3063959,13399.64,36562, 1740351, 56.80
LICMFGOLD, EQ, 14-Jul-2026,127.8,127.45,127.45,126.15,126.8,126.7,126.78,35733,45.3,446, 17172, 48.06
LICNETFGSC, EQ, 14-Jul-2026,29.48,29.52,29.99,29.42,29.99,29.71,29.54,8698,2.57,71, 6427, 73.89
LICNETFN50, EQ, 14-Jul-2026,271.0,270.26,270.76,268.82,269.7,269.7,269.9,489,1.32,19, 483, 98.77
LICNETFSEN, EQ, 14-Jul-2026,872.1,867.53,872.33,867.53,872.33,872.33,869.93,2,0.02,2, 2, 100.00
LICNFNHGP, EQ, 14-Jul-2026,276.47,276.23,276.23,275.41,275.41,275.41,275.89,10,0.03,7, 10, 100.00
LICNMID100, EQ, 14-Jul-2026,63.19,63.19,63.44,62.49,63.23,63.16,62.71,10337,6.48,78, 9099, 88.02
LIKHITHA, EQ, 14-Jul-2026,245.55,251.75,251.75,240.65,242.0,243.1,244.5,38807,94.88,623, 24506, 63.15
LINC, EQ, 14-Jul-2026,113.73,112.99,113.19,108.35,108.36,108.72,110.12,25225,27.78,726, 13426, 53.22
LINCOLN, EQ, 14-Jul-2026,610.45,605.05,609.9,602.4,605.35,606.95,605.13,31646,191.5,947, 20293, 64.13
LINDEINDIA, EQ, 14-Jul-2026,7114.0,7113.5,7251.0,7060.5,7090.0,7081.5,7145.54,24453,1747.3,8138, 9257, 37.86
LIQGRWBEES, EQ, 14-Jul-2026,1047.32,1047.45,1047.47,1047.44,1047.44,1047.44,1047.45,92371,967.54,166, 64898, 70.26
LIQUID, EQ, 14-Jul-2026,999.99,1000.0,1000.0,999.99,1000.0,999.99,1000.0,325312,3253.12,206, 309277, 95.07
LIQUID1, EQ, 14-Jul-2026,1113.22,1113.2,1113.39,1113.2,1113.37,1113.38,1113.38,834707,9293.46,417, 605565, 72.55
LIQUIDADD, EQ, 14-Jul-2026,1135.37,1135.52,1135.54,1135.5,1135.52,1135.52,1135.53,249798,2836.53,372, 177285, 70.97
LIQUIDBEES, EQ, 14-Jul-2026,999.99,1000.0,1005.0,999.11,1000.0,1000.0,1000.01,2981014,29810.35,4212, 2441934, 81.92
LIQUIDBETF, EQ, 14-Jul-2026,1089.96,1090.1,1090.11,1090.09,1090.1,1090.09,1090.1,228215,2487.77,311, 147830, 64.78
LIQUIDCASE, EQ, 14-Jul-2026,114.97,114.98,115.0,114.98,115.0,114.99,114.99,12846685,14772.28,12393, 11040737, 85.94
LIQUIDETF, EQ, 14-Jul-2026,1000.0,1000.0,1000.01,999.99,999.99,999.99,1000.0,161481,1614.81,218, 104084, 64.46
LIQUIDIETF, EQ, 14-Jul-2026,999.99,999.99,1000.01,999.99,1000.0,999.99,1000.0,431508,4315.08,210, 303076, 70.24
LIQUIDPLUS, EQ, 14-Jul-2026,1094.11,1094.25,1094.27,1094.25,1094.25,1094.25,1094.25,92383,1010.9,225, 88094, 95.36
LIQUIDSBI, EQ, 14-Jul-2026,999.99,999.99,1000.0,999.99,1000.0,1000.0,999.99,3798,37.98,37, 3731, 98.24
LIQUIDSHRI, EQ, 14-Jul-2026,1112.7,1112.85,1112.87,1112.85,1112.87,1112.86,1112.86,3645,40.56,23, 1980, 54.32
LLOYDS, ST, 14-Jul-2026,71.05,71.5,71.5,71.05,71.05,71.05,71.2,3000,2.14,2, 3000, 100.00
LLOYDSENGG, EQ, 14-Jul-2026,90.82,90.5,90.56,87.21,88.1,87.63,88.5,7359911,6513.29,26579, 3013478, 40.94
LLOYDSENT, EQ, 14-Jul-2026,78.87,78.0,80.5,76.96,78.0,77.82,79.03,12396021,9796.41,29647, 3476764, 28.05
LLOYDSME, EQ, 14-Jul-2026,1827.1,1824.0,1837.0,1800.1,1830.0,1825.5,1825.9,318736,5819.79,14685, 156144, 48.99
LMW, EQ, 14-Jul-2026,16326.0,16326.0,16326.0,16025.0,16125.0,16122.0,16141.38,1477,238.41,651, 762, 51.59
LODHA, EQ, 14-Jul-2026,1198.65,1185.0,1188.85,1144.2,1147.95,1147.25,1156.32,2379703,27517.07,68635, 940174, 39.51
LOKESHMACH, BE, 14-Jul-2026,323.75,317.3,317.3,317.3,317.3,317.3,317.3,2903,9.21,35, -, -
LORDSCHLO, EQ, 14-Jul-2026,135.4,137.23,139.89,135.49,139.33,137.75,137.29,9674,13.28,464, 6735, 69.62
LOTUSDEV, EQ, 14-Jul-2026,144.46,144.8,144.8,140.55,141.5,142.54,142.33,246215,350.44,3346, 155603, 63.20
LOTUSEYE, EQ, 14-Jul-2026,124.38,125.1,127.8,122.0,123.0,122.97,124.11,9200,11.42,303, 6849, 74.45
LOVABLE, EQ, 14-Jul-2026,78.3,78.0,78.24,75.65,76.0,76.63,76.84,9674,7.43,438, 5608, 57.97
LOWVOL, EQ, 14-Jul-2026,205.75,206.46,206.46,205.13,205.2,205.2,205.76,40,0.08,6, 39, 97.50
LOWVOL1, EQ, 14-Jul-2026,21.15,21.12,21.12,20.7,20.73,20.92,21.02,1181166,248.22,210, 896442, 75.89
LOWVOLIETF, EQ, 14-Jul-2026,22.12,22.56,22.56,21.97,21.97,21.99,22.05,479665,105.75,1012, 214215, 44.66
LOYALTEX, EQ, 14-Jul-2026,210.0,210.0,210.0,197.0,197.01,197.15,202.09,277,0.56,25, 247, 89.17
LPDC, EQ, 14-Jul-2026,6.46,6.46,6.69,6.45,6.45,6.45,6.54,16393,1.07,61, 7875, 48.04
LRRPL, SM, 14-Jul-2026,88.0,92.0,92.0,92.0,92.0,92.0,92.0,1500,1.38,1, 1500, 100.00
LT, EQ, 14-Jul-2026,3928.5,3892.0,3897.9,3843.0,3845.7,3848.7,3859.74,2409089,92984.64,159864, 1284154, 53.30
LTF, EQ, 14-Jul-2026,324.7,322.95,322.95,309.4,315.0,315.3,313.54,11571839,36282.15,84099, 3978484, 34.38
LTFOODS, EQ, 14-Jul-2026,384.85,381.9,384.1,376.3,380.0,380.65,380.07,440266,1673.32,25896, 221521, 50.32
LTGILTBEES, EQ, 14-Jul-2026,29.95,29.95,29.98,29.77,29.84,29.8,29.86,1221747,364.76,701, 801230, 65.58
LTGILTCASE, EQ, 14-Jul-2026,30.53,30.53,30.7,29.92,30.37,30.39,30.4,190134,57.79,182, 176267, 92.71
LTM, EQ, 14-Jul-2026,4124.3,4128.4,4213.5,4050.1,4060.5,4062.8,4125.61,653945,26979.2,55247, 207290, 31.70
LTTS, EQ, 14-Jul-2026,3297.7,3313.8,3352.4,3266.5,3289.0,3293.1,3302.84,160245,5292.64,21343, 60732, 37.90
LUMAXIND, EQ, 14-Jul-2026,5403.0,5403.0,5429.0,5320.0,5326.0,5376.0,5380.1,5457,293.59,1583, 2580, 47.28
LUMAXTECH, EQ, 14-Jul-2026,1461.8,1468.0,1510.0,1428.0,1478.5,1492.4,1470.98,166683,2451.88,18284, 68987, 41.39
LUPIN, EQ, 14-Jul-2026,2492.6,2495.0,2508.8,2465.4,2475.0,2469.2,2483.2,811541,20152.21,42477, 562517, 69.31
LUXIND, EQ, 14-Jul-2026,1309.0,1309.0,1313.8,1286.2,1297.0,1297.5,1297.21,34053,441.74,2026, 16800, 49.33
LXCHEM, EQ, 14-Jul-2026,164.2,165.98,170.4,162.0,165.8,166.73,166.47,2550259,4245.4,25644, 695393, 27.27
LYKALABS, BE, 14-Jul-2026,69.58,71.0,71.5,69.0,69.01,70.08,70.4,5059,3.56,63, -, -
M&M, EQ, 14-Jul-2026,3160.4,3121.0,3130.0,3082.2,3092.0,3093.3,3101.06,2376410,73693.85,117253, 1180596, 49.68
M&MFIN, EQ, 14-Jul-2026,332.7,330.45,330.85,321.25,325.05,325.1,324.65,1491337,4841.59,32494, 699318, 46.89
MAANALU, EQ, 14-Jul-2026,122.07,121.5,123.19,117.5,117.75,117.91,119.25,94378,112.54,1336, 66672, 70.64
MACOBSTECH, SM, 14-Jul-2026,219.6,231.0,231.0,231.0,231.0,231.0,231.0,800,1.85,1, 800, 100.00
MACPOWER, EQ, 14-Jul-2026,1347.0,1350.0,1380.0,1303.2,1331.0,1326.3,1325.79,11572,153.42,1517, 4264, 36.85
MADHAV, EQ, 14-Jul-2026,35.22,36.5,36.5,35.11,35.5,35.54,35.32,2722,0.96,52, 2445, 89.82
MADHAVBAUG, SM, 14-Jul-2026,187.9,187.95,196.5,187.95,196.5,196.4,191.74,10000,19.17,15, 8400, 84.00
MADHAVIPL, EQ, 14-Jul-2026,8.42,8.5,8.5,8.16,8.43,8.41,8.33,109098,9.08,514, 79113, 72.52
MADHUCON, BE, 14-Jul-2026,5.8,5.8,6.08,5.65,5.72,5.82,5.82,10753,0.63,43, -, -
MADHUSUDAN, ST, 14-Jul-2026,252.5,257.0,257.0,239.9,239.9,239.9,246.47,58000,142.95,52, 56000, 96.55
MADRASFERT, EQ, 14-Jul-2026,68.47,68.14,68.47,67.1,67.1,67.24,67.46,42820,28.88,601, 28237, 65.94
MAFANG, EQ, 14-Jul-2026,196.58,197.11,197.11,196.8,197.11,197.11,197.08,652097,1285.18,9560, 585877, 89.85
MAFATIND, EQ, 14-Jul-2026,136.84,135.0,137.04,134.6,134.6,135.0,135.87,40283,54.73,584, 24739, 61.41
MAGADSUGAR, EQ, 14-Jul-2026,517.9,521.0,525.5,515.55,520.5,520.05,519.25,13168,68.38,889, 7592, 57.65
MAGNUM, EQ, 14-Jul-2026,19.6,19.2,19.98,19.2,19.69,19.47,19.49,2878,0.56,68, 2474, 85.96
MAGSON, ST, 14-Jul-2026,182.0,179.0,181.0,179.0,181.0,181.0,180.0,4000,7.2,3, 4000, 100.00
MAHABANK, EQ, 14-Jul-2026,82.56,82.0,82.15,79.35,79.49,79.47,80.23,27947281,22421.93,90384, 14704444, 52.61
MAHAPEXLTD, EQ, 14-Jul-2026,44.19,45.45,46.5,44.0,45.4,45.03,44.96,2821,1.27,131, 2160, 76.57
MAHASTEEL, EQ, 14-Jul-2026,881.65,882.6,889.4,838.0,838.05,857.25,860.97,7415,63.84,452, 5546, 74.79
MAHEPC, EQ, 14-Jul-2026,120.73,120.5,124.0,118.05,122.5,123.0,121.67,84552,102.88,1510, 52075, 61.59
MAHESHWARI, BE, 14-Jul-2026,73.0,72.64,74.0,72.64,73.0,73.0,73.45,18301,13.44,51, -, -
MAHICKRA, SM, 14-Jul-2026,240.0,249.9,249.9,238.1,248.75,248.75,246.38,3000,7.39,4, 750, 25.00
MAHKTECH, EQ, 14-Jul-2026,23.11,23.13,23.13,22.9,23.13,23.11,23.1,861248,198.94,4531, 576839, 66.98
MAHLIFE, EQ, 14-Jul-2026,378.6,379.95,380.8,371.0,373.6,372.4,374.98,123267,462.23,7083, 67891, 55.08
MAHLOG, EQ, 14-Jul-2026,382.75,382.0,399.2,381.3,395.0,393.7,393.79,238557,939.41,6408, 111557, 46.76
MAHSCOOTER, EQ, 14-Jul-2026,13250.0,13250.0,13250.0,13030.0,13033.0,13060.0,13091.57,764,100.02,479, 455, 59.55
MAHSEAMLES, EQ, 14-Jul-2026,591.85,588.1,596.6,585.9,590.0,589.1,589.19,63817,376.0,4998, 41770, 65.45
MAITHANALL, EQ, 14-Jul-2026,1034.8,1034.2,1038.0,1002.9,1004.0,1007.1,1015.29,36450,370.07,2108, 22951, 62.97
MAITREYA, SM, 14-Jul-2026,126.75,122.65,131.4,122.0,123.55,125.65,124.57,6400,7.97,16, 4400, 68.75
MAJESAUT, EQ, 14-Jul-2026,357.75,363.95,390.0,358.0,370.8,367.8,371.54,34588,128.51,873, 21046, 60.85
MAKEINDIA, EQ, 14-Jul-2026,161.44,157.4,161.7,157.4,161.33,161.27,161.24,18963,30.58,284, 14907, 78.61
MAKS, SM, 14-Jul-2026,21.85,20.8,20.9,20.8,20.9,20.9,20.85,3000,0.63,2, 3000, 100.00
MAL, SM, 14-Jul-2026,31.1,32.05,32.6,31.8,31.8,31.8,32.14,19200,6.17,12, 17600, 91.67
MALLCOM, EQ, 14-Jul-2026,1088.2,1108.0,1108.0,1060.0,1070.0,1066.9,1083.33,3326,36.03,468, 2393, 71.95
MALUPAPER, EQ, 14-Jul-2026,30.61,31.0,32.0,30.67,31.3,31.13,31.15,12562,3.91,63, 6674, 53.13
MAMATA, EQ, 14-Jul-2026,387.7,383.0,388.8,379.2,380.1,380.45,381.9,31241,119.31,1437, 18266, 58.47
MANAKALUCO, EQ, 14-Jul-2026,37.32,37.6,41.9,36.21,36.51,36.56,38.71,626585,242.56,2949, 73646, 11.75
MANAKCOAT, EQ, 14-Jul-2026,126.26,127.9,130.7,125.26,129.5,129.14,127.55,2198213,2803.92,12585, 1188632, 54.07
MANAKSIA, EQ, 14-Jul-2026,58.44,57.72,60.99,57.15,57.8,57.59,58.87,45721,26.92,429, 19450, 42.54
MANAKSTEEL, BE, 14-Jul-2026,77.23,79.4,79.4,74.95,75.07,75.02,76.15,15344,11.68,81, -, -
MANALIPETC, EQ, 14-Jul-2026,65.27,64.7,64.7,62.9,63.01,63.15,63.87,185844,118.7,2136, 94220, 50.70
MANAPPURAM, EQ, 14-Jul-2026,331.75,325.55,331.8,322.75,327.35,328.1,327.05,2265971,7410.75,22426, 586072, 25.86
MANBA, EQ, 14-Jul-2026,136.79,136.0,137.46,134.1,134.81,135.05,135.47,82250,111.42,755, 30628, 37.24
MANCREDIT, EQ, 14-Jul-2026,240.64,245.7,251.0,237.25,238.5,242.0,245.38,331421,813.24,2406, 59462, 17.94
MANGALAM, EQ, 14-Jul-2026,27.97,27.55,28.48,27.16,27.17,27.42,27.39,22436,6.14,175, 15879, 70.77
MANGLMCEM, EQ, 14-Jul-2026,965.4,962.2,974.9,954.1,957.7,962.5,966.05,39656,383.1,1472, 22377, 56.43
MANILAM, SM, 14-Jul-2026,53.3,54.0,54.4,54.0,54.4,54.4,54.3,8000,4.34,3, 8000, 100.00
MANINDS, EQ, 14-Jul-2026,562.45,563.05,563.05,550.1,555.5,556.1,556.07,185739,1032.84,4571, 103875, 55.93
MANINFRA, EQ, 14-Jul-2026,105.09,104.9,104.91,102.45,102.9,102.7,103.27,782105,807.7,3627, 239878, 30.67
MANKIND, EQ, 14-Jul-2026,2507.5,2491.1,2545.3,2491.1,2526.3,2531.1,2523.28,247728,6250.88,15837, 140429, 56.69
MANOMAY, EQ, 14-Jul-2026,175.28,179.89,179.89,171.55,171.55,173.2,175.0,4945,8.65,424, 2575, 52.07
MANORAMA, EQ, 14-Jul-2026,1627.3,1627.3,1641.7,1573.3,1580.0,1577.6,1610.22,206151,3319.49,11630, 132886, 64.46
MANORG, BE, 14-Jul-2026,528.4,515.55,528.5,515.55,525.0,521.4,521.14,1716,8.94,38, -, -
MANUFGBEES, EQ, 14-Jul-2026,159.84,159.19,159.57,158.31,159.45,159.27,158.88,1873,2.98,52, 1703, 90.92
MANUGRAPH, BE, 14-Jul-2026,14.88,14.98,14.98,14.35,14.43,14.49,14.55,4289,0.62,23, -, -
MANYAVAR, EQ, 14-Jul-2026,398.95,397.0,400.15,391.5,397.5,397.6,396.94,156784,622.34,8952, 92160, 58.78
MAPMYINDIA, EQ, 14-Jul-2026,1184.9,1178.0,1231.95,1173.0,1179.0,1178.9,1193.94,1168847,13955.35,54755, 230667, 19.73
MARALOVER, BE, 14-Jul-2026,53.63,54.16,54.7,53.05,54.5,54.54,54.22,3864,2.1,44, -, -
MARATHON, EQ, 14-Jul-2026,412.15,410.1,411.45,392.65,394.0,395.65,399.0,53507,213.49,2210, 35704, 66.73
MARC, ST, 14-Jul-2026,92.25,87.65,92.0,87.65,92.0,92.0,89.49,9600,8.59,7, 7200, 75.00
MARICO, EQ, 14-Jul-2026,846.75,842.55,850.95,841.45,846.5,848.25,847.96,1441052,12219.47,68064, 1023574, 71.03
MARINE, EQ, 14-Jul-2026,252.95,250.9,261.3,244.1,254.6,255.2,252.49,804704,2031.77,16171, 309458, 38.46
MARKOLINES, EQ, 14-Jul-2026,169.02,169.5,171.6,167.65,168.32,168.21,169.94,336564,571.96,2922, 104658, 31.10
MARKSANS, EQ, 14-Jul-2026,269.3,268.95,275.3,267.7,270.95,270.95,272.07,1442959,3925.85,23188, 600538, 41.62
MARSONS, EQ, 14-Jul-2026,119.51,119.39,119.84,111.99,113.89,113.19,116.23,937208,1089.27,9060, 295862, 31.57
MARUSHIKA, SM, 14-Jul-2026,88.75,88.6,88.6,88.5,88.5,88.5,88.55,2400,2.13,2, 2400, 100.00
MARUTI, EQ, 14-Jul-2026,13695.0,13619.0,13690.0,13470.0,13480.0,13489.0,13531.96,368645,49884.89,59969, 179428, 48.67
MASFIN, EQ, 14-Jul-2026,330.55,330.55,332.95,316.4,320.2,318.55,320.84,82271,263.96,5229, 44849, 54.51
MASKINVEST, BE, 14-Jul-2026,155.0,155.0,155.0,147.25,155.0,155.0,147.83,145,0.21,7, -, -
MASON, SM, 14-Jul-2026,129.05,129.95,130.0,124.1,124.1,124.65,126.69,15000,19.0,28, 13500, 90.00
MASPTOP50, EQ, 14-Jul-2026,79.11,79.52,79.53,79.26,79.53,79.53,79.52,368026,292.66,3655, 351291, 95.45
MASTEK, EQ, 14-Jul-2026,1749.8,1758.0,1759.3,1706.6,1722.2,1719.5,1727.06,66615,1150.48,10379, 27310, 41.00
MASTER, SM, 14-Jul-2026,419.3,410.3,434.0,410.3,434.0,434.0,422.15,1000,4.22,2, 1000, 100.00
MASTERTR, EQ, 14-Jul-2026,91.82,91.6,94.97,89.78,93.0,93.07,92.42,1383616,1278.72,7352, 266409, 19.25
MATRIMONY, EQ, 14-Jul-2026,430.6,431.4,435.15,425.75,427.0,426.45,427.42,9730,41.59,438, 7702, 79.16
MAWANASUG, BE, 14-Jul-2026,112.15,114.4,115.5,112.15,113.21,114.59,113.84,89681,102.09,389, -, -
MAXESTATES, EQ, 14-Jul-2026,445.05,446.0,446.0,424.4,432.5,431.3,430.56,105689,455.06,3200, 73360, 69.41
MAXHEALTH, EQ, 14-Jul-2026,1106.2,1096.5,1120.7,1089.0,1090.1,1092.9,1101.69,2223510,24496.2,64879, 1276746, 57.42
MAXIND, EQ, 14-Jul-2026,167.44,165.0,169.78,161.0,162.0,161.6,163.37,31463,51.4,777, 21735, 69.08
MAXVOLT, ST, 14-Jul-2026,362.05,368.7,380.15,362.1,377.05,379.45,376.08,66000,248.21,147, 61200, 92.73
MAYURUNIQ, EQ, 14-Jul-2026,855.15,861.95,869.0,814.05,821.8,818.8,829.03,76813,636.8,5129, 42518, 55.35
MAZDA, BE, 14-Jul-2026,239.77,243.85,244.8,231.1,236.0,233.81,235.29,13921,32.75,205, -, -
MAZDOCK, EQ, 14-Jul-2026,2402.6,2378.1,2388.0,2351.1,2360.0,2359.9,2362.93,701588,16578.01,35090, 274797, 39.17
MBAPL, EQ, 14-Jul-2026,132.85,132.0,132.0,122.4,123.9,124.0,126.81,1613245,2045.77,20634, 696430, 43.17
MBEL, EQ, 14-Jul-2026,337.7,339.0,339.95,328.0,330.45,330.8,333.58,150438,501.83,8813, 70767, 47.04
MBLINFRA, BE, 14-Jul-2026,25.67,25.01,26.23,25.01,25.5,25.52,25.36,52740,13.38,83, -, -
MCCHRLS-B, EQ, 14-Jul-2026,709.0,733.8,733.8,705.0,712.0,707.35,713.56,5,0.04,4, 4, 80.00
MCL, EQ, 14-Jul-2026,54.83,55.0,55.45,54.0,54.22,54.36,54.58,13274,7.24,652, 7362, 55.46
MCLEODRUSS, BE, 14-Jul-2026,57.24,57.24,57.24,54.5,55.7,55.13,55.22,157547,86.99,522, -, -
MCLOUD, EQ, 14-Jul-2026,29.61,29.36,29.6,28.5,28.9,28.81,29.01,3224401,935.51,7721, 1120735, 34.76
MCON, SM, 14-Jul-2026,44.1,44.1,44.1,41.95,41.95,41.95,42.78,8000,3.42,8, 5000, 62.50
MCX, EQ, 14-Jul-2026,2782.1,2780.0,2899.0,2779.0,2899.0,2891.3,2873.38,3673525,105554.23,166000, 1710383, 46.56
MDL, ST, 14-Jul-2026,69.85,70.5,72.0,70.0,70.05,70.8,70.54,44000,31.04,21, 41000, 93.18
MEDANTA, EQ, 14-Jul-2026,1328.1,1330.0,1341.8,1316.4,1322.7,1320.9,1326.76,73159,970.64,9745, 35059, 47.92
MEDIASSIST, EQ, 14-Jul-2026,365.55,365.55,368.2,356.1,359.25,359.25,360.17,55915,201.39,1934, 40159, 71.82
MEDICAMEQ, EQ, 14-Jul-2026,237.65,238.1,239.05,230.1,233.0,233.1,233.87,9677,22.63,420, 6450, 66.65
MEDICO, EQ, 14-Jul-2026,39.17,39.49,39.74,38.73,39.0,38.82,38.94,30966,12.06,296, 22617, 73.04
MEDIORG, SM, 14-Jul-2026,23.35,23.5,23.5,23.35,23.35,23.35,23.43,12000,2.81,3, 6000, 50.00
MEDISTEP, SM, 14-Jul-2026,18.5,19.0,19.0,19.0,19.0,19.0,19.0,6000,1.14,2, 6000, 100.00
MEDPLUS, EQ, 14-Jul-2026,821.75,816.0,822.55,810.3,810.3,814.3,815.39,41780,340.67,6520, 24368, 58.32
MEESHO, EQ, 14-Jul-2026,189.76,189.75,190.88,187.55,188.24,188.81,188.99,4514736,8532.38,43650, 2016200, 44.66
MEGAFLEX, SM, 14-Jul-2026,105.0,99.75,99.75,99.75,99.75,99.75,99.75,1000,1.0,1, 1000, 100.00
MEGASTAR, EQ, 14-Jul-2026,366.45,367.4,372.95,356.6,370.0,368.0,366.31,29629,108.53,859, 16721, 56.43
MEGATHERM, SM, 14-Jul-2026,225.65,229.55,229.55,217.1,219.5,220.2,221.4,12400,27.45,28, 7600, 61.29
MEIL, BE, 14-Jul-2026,299.7,298.0,301.95,296.6,298.9,297.25,297.66,9207,27.41,239, -, -
MENNPIS, EQ, 14-Jul-2026,73.94,74.31,74.31,71.0,73.0,71.58,72.07,52896,38.12,957, 29317, 55.42
MENONBE, BE, 14-Jul-2026,179.6,179.6,181.0,172.0,177.05,178.67,177.53,36083,64.06,373, -, -
MEP, BZ, 14-Jul-2026,0.63,0.64,0.64,0.62,0.62,0.62,0.62,198410,1.23,83, -, -
MERCANTILE, EQ, 14-Jul-2026,25.07,25.7,25.9,24.5,25.55,24.56,25.06,3651,0.92,45, 2020, 55.33
MERCURYEV, BE, 14-Jul-2026,35.93,35.05,37.3,34.75,36.75,36.54,36.14,150225,54.28,477, -, -
METAL, EQ, 14-Jul-2026,12.73,12.99,13.04,12.71,12.8,12.82,12.81,2399630,307.35,3282, 799376, 33.31
METALIETF, EQ, 14-Jul-2026,12.68,12.93,12.93,12.67,12.8,12.77,12.78,6649459,849.55,7364, 3439727, 51.73
METROBRAND, EQ, 14-Jul-2026,1072.6,1071.3,1076.5,1046.0,1055.8,1050.6,1056.11,10927,115.4,2490, 6168, 56.45
METROGLOBL, EQ, 14-Jul-2026,135.09,132.2,134.5,130.15,130.15,132.87,132.76,2198,2.92,91, 1265, 57.55
METROPOLIS, EQ, 14-Jul-2026,564.7,564.0,564.7,551.15,557.0,559.2,559.78,165976,929.1,15860, 104178, 62.77
MFML, EQ, 14-Jul-2026,19.88,19.5,19.88,17.9,19.17,18.96,18.93,9008,1.71,230, 5971, 66.29
MFSL, EQ, 14-Jul-2026,1631.8,1625.0,1625.0,1588.5,1613.9,1611.6,1601.86,559352,8960.01,49595, 334809, 59.86
MGEL, BE, 14-Jul-2026,16.86,17.19,17.19,16.02,16.24,16.51,16.44,197898,32.54,290, -, -
MGL, EQ, 14-Jul-2026,1114.4,1104.9,1137.9,1096.5,1119.0,1123.3,1120.27,132508,1484.45,10937, 49998, 37.73
MGSL, SM, 14-Jul-2026,65.05,64.0,64.0,61.5,61.5,61.5,63.06,9600,6.05,8, 7200, 75.00
MHHL, SM, 14-Jul-2026,33.95,35.4,35.4,35.4,35.4,35.4,35.4,3000,1.06,2, 3000, 100.00
MHLXMIRU, EQ, 14-Jul-2026,136.42,137.42,138.01,134.5,135.5,136.28,136.03,11666,15.87,276, 8051, 69.01
MHRIL, EQ, 14-Jul-2026,231.68,231.52,232.0,224.71,227.4,225.44,227.43,94044,213.89,3440, 54107, 57.53
MICEL, BE, 14-Jul-2026,37.48,37.75,37.99,37.15,37.9,37.46,37.39,268972,100.58,1161, -, -
MICROPRO, SM, 14-Jul-2026,18.8,19.5,19.5,19.2,19.2,19.2,19.35,3200,0.62,2, 3200, 100.00
MID150, EQ, 14-Jul-2026,23.56,23.49,23.5,23.3,23.3,23.35,23.41,13530,3.17,161, 12096, 89.40
MID150BEES, EQ, 14-Jul-2026,239.34,239.99,239.99,237.8,238.62,238.53,238.38,408288,973.27,5981, 239930, 58.76
MID150CASE, EQ, 14-Jul-2026,11.62,11.85,11.85,11.41,11.59,11.57,11.58,927781,107.44,3324, 465507, 50.17
MIDCAP, EQ, 14-Jul-2026,18.44,18.5,18.51,18.25,18.38,18.33,18.35,240664,44.17,817, 126295, 52.48
MIDCAPADD, EQ, 14-Jul-2026,23.67,23.67,23.67,23.0,23.6,23.17,23.11,32287,7.46,118, 29311, 90.78
MIDCAPBETA, EQ, 14-Jul-2026,235.23,232.6,233.96,232.0,233.27,233.26,232.13,11082,25.72,45, 10184, 91.90
MIDCAPETF, EQ, 14-Jul-2026,23.63,24.22,24.22,23.49,23.54,23.53,23.54,1232102,290.1,4540, 802749, 65.15
MIDCAPIETF, EQ, 14-Jul-2026,24.0,24.6,24.6,23.77,23.87,23.85,23.85,697044,166.24,2421, 448150, 64.29
MIDHANI, EQ, 14-Jul-2026,412.35,410.0,424.6,406.6,418.8,416.7,417.04,755807,3152.04,19444, 277534, 36.72
MIDQ50ADD, EQ, 14-Jul-2026,24.93,24.84,24.85,24.72,24.83,24.82,24.79,10918,2.71,82, 10079, 92.32
MIDSELIETF, EQ, 14-Jul-2026,19.44,19.43,19.44,19.2,19.36,19.3,19.29,347803,67.08,671, 246315, 70.82
MIDSMALL, EQ, 14-Jul-2026,51.0,50.61,51.06,50.57,50.83,50.68,50.71,255726,129.69,957, 169019, 66.09
MIDWESTLTD, EQ, 14-Jul-2026,1324.8,1311.3,1324.9,1295.0,1301.9,1302.8,1309.09,10242,134.08,1055, 5795, 56.58
MIEL, SM, 14-Jul-2026,13.1,12.75,12.75,12.75,12.75,12.75,12.75,2000,0.26,1, 2000, 100.00
MILTON, SM, 14-Jul-2026,38.05,39.95,39.95,36.15,36.95,36.95,38.0,8800,3.34,4, 8800, 100.00
MINDACORP, EQ, 14-Jul-2026,704.35,697.0,697.15,669.9,677.4,674.65,678.64,356044,2416.24,20801, 186822, 52.47
MINDSPACE, RR, 14-Jul-2026,488.97,490.0,493.0,489.2,491.8,491.59,491.15,103087,506.31,4847, 83200, 80.71
MINDTECK, EQ, 14-Jul-2026,209.81,209.0,211.07,205.21,205.5,205.88,206.83,70821,146.48,1672, 30977, 43.74
MIRZAINT, EQ, 14-Jul-2026,37.9,38.0,39.0,37.31,37.9,37.61,38.03,452834,172.2,1646, 222784, 49.20
MITCON, BE, 14-Jul-2026,78.0,75.0,77.76,75.0,75.0,75.19,76.92,913,0.7,16, -, -
MITTAL, EQ, 14-Jul-2026,0.92,0.93,0.94,0.9,0.93,0.93,0.92,461052,4.24,237, 246254, 53.41
MKPL, EQ, 14-Jul-2026,4.6,4.56,4.63,4.45,4.53,4.52,4.51,192561,8.68,531, 134379, 69.79
MMEL, ST, 14-Jul-2026,31.8,30.25,33.3,30.25,30.25,30.25,31.42,30000,9.43,10, 26000, 86.67
MMFL, EQ, 14-Jul-2026,516.4,523.0,534.0,511.05,516.0,516.3,522.19,136997,715.39,6840, 60724, 44.33
MMP, EQ, 14-Jul-2026,281.7,282.85,285.45,279.1,280.5,281.0,282.57,20980,59.28,973, 12391, 59.06
MMTC, EQ, 14-Jul-2026,64.95,64.55,64.8,63.95,64.09,64.19,64.31,1217455,782.96,7028, 428961, 35.23
MMWL, BE, 14-Jul-2026,13.24,13.26,13.55,13.26,13.26,13.26,13.31,5484,0.73,16, -, -
MNC, EQ, 14-Jul-2026,33.37,33.4,33.57,33.1,33.57,33.24,33.23,32385,10.76,286, 19170, 59.19
MOALPHA50, EQ, 14-Jul-2026,53.94,55.02,55.02,53.45,53.81,53.8,53.6,2524,1.35,40, 1829, 72.46
MOBANK10, EQ, 14-Jul-2026,17.44,17.8,17.8,17.11,17.36,17.3,17.3,57367,9.93,78, 56173, 97.92
MOBIKWIK, EQ, 14-Jul-2026,225.29,223.0,232.8,223.0,230.71,230.31,228.96,6011126,13763.15,60625, 1821906, 30.31
MOBILISE, ST, 14-Jul-2026,112.2,110.0,117.8,110.0,117.8,117.65,116.16,27200,31.59,10, 27200, 100.00
MOCAPITAL, EQ, 14-Jul-2026,55.59,55.8,55.89,55.0,55.34,55.13,55.38,473638,262.3,2475, 252324, 53.27
MODEFENCE, EQ, 14-Jul-2026,103.48,103.9,103.9,101.58,102.24,102.21,102.16,1430841,1461.71,8477, 827099, 57.81
MODINATUR, BE, 14-Jul-2026,404.65,404.0,416.85,397.05,416.85,412.15,407.29,1799,7.33,40, -, -
MODIRUBBER, EQ, 14-Jul-2026,130.19,132.81,132.81,127.2,127.44,129.93,128.96,2513,3.24,70, 1249, 49.70
MODIS, EQ, 14-Jul-2026,348.8,350.05,351.95,345.65,345.7,347.45,349.31,5366,18.74,214, 3990, 74.36
MODISONLTD, BE, 14-Jul-2026,296.7,292.1,295.7,286.0,290.0,288.65,289.01,38003,109.83,684, -, -
MODTHREAD, EQ, 14-Jul-2026,47.5,46.31,50.0,45.01,45.01,48.08,47.17,1816,0.86,40, 980, 53.96
MOENERGY, EQ, 14-Jul-2026,39.38,39.52,39.59,39.1,39.59,39.28,39.27,126203,49.55,698, 90556, 71.75
MOGOLD, EQ, 14-Jul-2026,140.2,139.95,139.95,138.8,139.25,139.05,139.1,13002,18.09,383, 7206, 55.42
MOGSEC, EQ, 14-Jul-2026,65.14,65.0,65.8,65.0,65.0,65.07,65.13,2041,1.33,48, 1763, 86.38
MOHEALTH, EQ, 14-Jul-2026,50.74,50.74,51.18,50.26,50.95,50.87,50.85,77269,39.29,585, 39064, 50.56
MOHITIND, EQ, 14-Jul-2026,22.89,23.39,23.39,22.86,22.86,22.86,23.05,1545,0.36,21, 1526, 98.77
MOIL, EQ, 14-Jul-2026,276.4,276.8,281.3,273.1,273.7,273.85,276.74,349178,966.31,12042, 140296, 40.18
MOINFRA, EQ, 14-Jul-2026,61.59,61.26,61.67,61.13,61.6,61.53,61.42,1497,0.92,51, 1008, 67.33
MOIPO, EQ, 14-Jul-2026,46.95,47.5,47.5,46.44,46.63,46.65,46.54,2190,1.02,30, 1220, 55.71
MOKSH, EQ, 14-Jul-2026,11.57,11.5,11.56,11.27,11.5,11.44,11.49,448597,51.53,234, 414016, 92.29
MOL, EQ, 14-Jul-2026,48.8,49.01,49.49,46.85,47.08,47.02,47.43,694041,329.19,3011, 405882, 58.48
MOLDTECH, EQ, 14-Jul-2026,126.97,126.16,128.09,124.0,125.25,125.02,126.28,13774,17.39,563, 10629, 77.17
MOLDTKPAC, EQ, 14-Jul-2026,677.3,679.0,696.0,667.0,671.75,672.75,679.04,103699,704.15,9519, 46708, 45.04
MOLOWVOL, EQ, 14-Jul-2026,36.87,37.0,37.01,36.79,36.83,36.83,36.82,3525,1.3,30, 3502, 99.35
MOM100, EQ, 14-Jul-2026,68.0,68.35,68.45,67.56,67.61,67.85,67.73,307408,208.2,2120, 216115, 70.30
MOM30IETF, EQ, 14-Jul-2026,31.08,31.05,31.3,30.97,31.17,31.15,31.11,641637,199.62,1365, 519101, 80.90
MOM50, EQ, 14-Jul-2026,252.83,252.83,265.12,251.1,251.87,253.32,251.93,3248,8.18,112, 2375, 73.12
MOMENTUM, EQ, 14-Jul-2026,30.94,30.94,31.48,30.04,30.97,30.98,30.96,169162,52.37,189, 112685, 66.61
MOMENTUM30, EQ, 14-Jul-2026,30.58,30.52,30.79,30.47,30.65,30.65,30.7,27044,8.3,86, 18124, 67.02
MOMENTUM50, EQ, 14-Jul-2026,52.81,52.81,53.06,52.52,52.75,52.81,52.82,288056,152.16,1183, 194612, 67.56
MOMGF, EQ, 14-Jul-2026,158.61,158.37,158.38,158.28,158.38,158.38,158.33,445,0.7,9, 445, 100.00
MOMIDMTM, EQ, 14-Jul-2026,63.77,62.49,63.77,62.49,63.4,63.48,63.49,68039,43.2,275, 41899, 61.58
MOMNC, EQ, 14-Jul-2026,32.38,32.15,32.28,32.15,32.15,32.15,32.18,1329,0.43,13, 1309, 98.50
MOMOMENTUM, EQ, 14-Jul-2026,61.9,61.88,62.25,61.6,62.0,62.01,61.87,59047,36.53,353, 42897, 72.65
MON100, EQ, 14-Jul-2026,332.37,333.24,333.24,332.37,333.24,333.24,333.18,1262927,4207.8,17668, 1216105, 96.29
MON50EQUAL, EQ, 14-Jul-2026,33.56,34.27,34.33,32.89,34.33,33.15,33.28,11872,3.95,99, 8094, 68.18
MONARCH, EQ, 14-Jul-2026,363.5,363.75,366.6,358.1,361.0,360.35,361.37,35444,128.08,1704, 23403, 66.03
MONEXT50, EQ, 14-Jul-2026,72.08,71.68,71.87,71.3,71.6,71.56,71.59,3239,2.32,50, 2954, 91.20
MONEYBOXX, EQ, 14-Jul-2026,60.81,62.5,62.5,59.87,60.99,60.55,60.5,9320,5.64,227, 6163, 66.13
MONIFTY100, EQ, 14-Jul-2026,25.42,25.42,25.42,25.19,25.26,25.25,25.27,14420,3.64,67, 10095, 70.01
MONIFTY500, EQ, 14-Jul-2026,23.91,23.93,23.97,23.71,23.78,23.77,23.77,211757,50.34,1125, 142133, 67.12
MONOLITH, SM, 14-Jul-2026,730.9,737.0,766.65,736.95,766.05,762.15,755.46,23250,175.64,88, 16500, 70.97
MONOPHARMA, SM, 14-Jul-2026,10.6,10.3,10.3,10.25,10.25,10.25,10.28,4000,0.41,2, 4000, 100.00
MONQ50, EQ, 14-Jul-2026,146.41,144.48,144.48,144.48,144.48,144.48,144.48,27868,40.26,819, 27807, 99.78
MONTECARLO, EQ, 14-Jul-2026,537.25,538.25,543.1,531.0,533.05,535.45,536.97,32672,175.44,3599, 19375, 59.30
MOPSE, EQ, 14-Jul-2026,101.02,101.02,101.02,100.49,100.49,100.49,100.64,83,0.08,6, 83, 100.00
MOQUALITY, EQ, 14-Jul-2026,201.81,201.13,201.13,199.53,200.41,200.37,200.28,543,1.09,20, 533, 98.16
MORARJEE, BZ, 14-Jul-2026,10.23,10.13,10.74,10.12,10.74,10.74,10.61,29303,3.11,44, -, -
MOREALTY, EQ, 14-Jul-2026,93.44,91.57,93.4,91.5,91.59,91.73,92.05,777405,715.63,4291, 394049, 50.69
MOREPENLAB, EQ, 14-Jul-2026,62.29,61.8,63.68,61.51,62.25,62.56,62.74,10096836,6335.24,28513, 2753592, 27.27
MOS, ST, 14-Jul-2026,15.15,15.2,15.25,14.4,14.4,14.55,14.76,160000,23.62,31, 156000, 97.50
MOSCHIP, EQ, 14-Jul-2026,232.83,232.8,245.5,227.05,240.69,240.83,238.93,11197952,26755.81,95990, 2462503, 21.99
MOSERVICE, EQ, 14-Jul-2026,31.43,31.45,31.45,31.09,31.12,31.2,31.16,6316,1.97,54, 6285, 99.51
MOSILVER, EQ, 14-Jul-2026,214.46,213.39,219.79,213.24,219.79,215.16,214.74,100695,216.23,1781, 69231, 68.75
MOSMALL250, EQ, 14-Jul-2026,18.25,18.26,18.26,18.04,18.07,18.05,18.08,939761,169.93,3358, 677394, 72.08
MOTHERSON, EQ, 14-Jul-2026,144.06,143.25,143.55,141.29,142.5,142.06,142.04,12934232,18371.56,54256, 7374904, 57.02
MOTILALOFS, EQ, 14-Jul-2026,982.85,979.9,989.75,963.55,965.6,967.0,974.08,717834,6992.24,30644, 276475, 38.52
MOTISONS, EQ, 14-Jul-2026,14.25,14.24,14.45,13.87,14.1,14.11,14.11,21917664,3091.64,13735, 3539075, 16.15
MOTOGENFIN, BE, 14-Jul-2026,28.4,28.99,28.99,27.11,28.15,28.15,27.59,5853,1.61,37, -, -
MOTOUR, EQ, 14-Jul-2026,80.94,80.15,80.38,79.51,80.29,79.8,79.92,22633,18.09,295, 19188, 84.78
MOVALUE, EQ, 14-Jul-2026,114.48,114.22,114.22,113.04,113.3,113.24,113.46,61484,69.76,816, 45605, 74.17
MPEL, ST, 14-Jul-2026,41.0,39.75,40.05,38.95,40.05,40.0,39.86,116800,46.56,7, 68800, 58.90
MPHASIS, EQ, 14-Jul-2026,2390.4,2400.0,2422.3,2359.2,2363.0,2372.3,2389.72,366125,8749.37,25449, 152070, 41.53
MPSLTD, EQ, 14-Jul-2026,2020.7,2012.0,2022.7,1990.0,2014.0,2009.5,2004.39,7073,141.77,1012, 4602, 65.06
MRF, EQ, 14-Jul-2026,131285.0,131280.0,131630.0,130115.0,131100.0,131025.0,130881.25,6575,8605.44,3641, 3772, 57.37
MRIL, ST, 14-Jul-2026,70.0,70.0,70.0,68.85,70.0,69.4,69.54,8000,5.56,4, 8000, 100.00
MRPL, EQ, 14-Jul-2026,164.74,164.75,164.79,156.28,157.6,156.96,159.17,9144831,14556.15,51974, 3693216, 40.39
MSCI360, EQ, 14-Jul-2026,11.16,10.57,10.61,10.06,10.32,10.18,10.15,91767,9.31,309, 80266, 87.47
MSCIADD, EQ, 14-Jul-2026,29.67,29.45,29.45,29.43,29.43,29.43,29.45,21,0.01,3, 21, 100.00
MSCIINDIA, EQ, 14-Jul-2026,29.95,29.95,29.95,29.58,29.83,29.71,29.74,4291,1.28,92, 1987, 46.31
MSPL, EQ, 14-Jul-2026,39.67,39.34,39.53,38.56,38.74,38.73,38.99,501499,195.53,3106, 337921, 67.38
MSTCLTD, EQ, 14-Jul-2026,656.65,654.5,666.0,641.1,652.0,653.0,655.22,301448,1975.16,8993, 112432, 37.30
MSUMI, EQ, 14-Jul-2026,40.54,40.2,40.2,38.75,39.65,39.61,39.34,17017512,6694.59,45444, 8712292, 51.20
MTARTECH, BE, 14-Jul-2026,6746.0,6409.0,6409.0,6409.0,6409.0,6409.0,6409.0,115905,7428.35,10486, -, -
MTEDUCARE, BE, 14-Jul-2026,1.83,1.87,1.92,1.8,1.9,1.89,1.84,30119,0.55,43, -, -
MTNL, EQ, 14-Jul-2026,29.31,29.19,29.25,28.51,28.6,28.68,28.9,613148,177.18,2927, 314591, 51.31
MUFIN, EQ, 14-Jul-2026,129.74,129.76,129.9,127.2,127.6,128.21,128.18,574720,736.67,4722, 310438, 54.02
MUFTI, EQ, 14-Jul-2026,87.16,85.98,87.29,85.5,85.5,85.79,85.97,43854,37.7,897, 23841, 54.36
MUKANDLTD, EQ, 14-Jul-2026,135.85,135.0,137.95,134.0,136.99,136.72,136.47,96390,131.54,1610, 53181, 55.17
MUKKA, EQ, 14-Jul-2026,24.0,24.35,24.48,23.32,23.35,23.46,23.62,263581,62.27,1086, 150875, 57.24
MUKTAARTS, BE, 14-Jul-2026,54.5,54.5,54.5,51.85,53.48,53.48,52.86,2688,1.42,26, -, -
MULTICAP, EQ, 14-Jul-2026,16.7,17.03,17.03,16.6,16.64,16.61,16.63,151529,25.2,411, 121994, 80.51
MUNISH, ST, 14-Jul-2026,69.0,69.0,72.45,68.0,69.1,69.15,69.08,445200,307.55,184, 406800, 91.37
MUNJALAU, EQ, 14-Jul-2026,105.69,104.8,105.5,102.07,104.05,104.13,103.37,531540,549.44,4899, 185421, 34.88
MUNJALSHOW, EQ, 14-Jul-2026,134.48,135.5,135.5,133.01,133.5,133.65,133.59,24507,32.74,567, 16326, 66.62
MURUDCERA, EQ, 14-Jul-2026,31.43,31.01,32.0,31.01,31.69,31.64,31.67,2593,0.82,57, 2168, 83.61
MUTHOOTCAP, EQ, 14-Jul-2026,225.55,224.5,225.41,220.0,221.0,222.12,221.4,6680,14.79,362, 4278, 64.04
MUTHOOTFIN, EQ, 14-Jul-2026,3058.5,3036.1,3036.1,2976.3,3017.8,3016.4,3003.6,691484,20769.38,39988, 290718, 42.04
MUTHOOTMF, EQ, 14-Jul-2026,246.31,245.7,245.75,238.14,239.19,239.01,240.52,628293,1511.19,10216, 224527, 35.74
MVGJL, EQ, 14-Jul-2026,165.14,165.56,172.99,164.1,166.44,165.52,168.02,121422,204.02,3374, 49325, 40.62
MVKAGRO, SM, 14-Jul-2026,382.75,376.5,376.5,365.0,365.0,365.5,368.6,3000,11.06,9, 2100, 70.00
MWL, EQ, 14-Jul-2026,37.05,36.5,38.0,35.6,36.95,36.7,36.99,2179458,806.09,4947, 600490, 27.55
MYMUDRA, SM, 14-Jul-2026,69.8,69.05,69.75,66.1,66.1,66.75,68.34,22800,15.58,19, 12000, 52.63
NACLIND, EQ, 14-Jul-2026,243.02,241.54,241.54,204.0,216.0,215.63,222.24,3894769,8655.56,56127, 1002469, 25.74
NAGREEKCAP, BE, 14-Jul-2026,24.29,23.31,24.25,23.31,24.05,24.04,24.13,611,0.15,23, -, -
NAGREEKEXP, EQ, 14-Jul-2026,24.37,23.3,24.89,23.3,23.85,23.75,23.72,11559,2.74,153, 8419, 72.84
NAHARCAP, EQ, 14-Jul-2026,250.65,252.0,256.02,243.2,251.0,251.07,251.08,1271,3.19,57, 1140, 89.69
NAHARINDUS, EQ, 14-Jul-2026,117.75,117.01,117.78,116.25,116.27,116.26,116.86,3380,3.95,188, 2206, 65.27
NAHARPOLY, EQ, 14-Jul-2026,253.7,251.05,255.75,251.0,251.05,251.8,252.83,5708,14.43,475, 2751, 48.20
NAHARSPING, BE, 14-Jul-2026,271.2,271.2,276.0,265.75,274.0,274.0,273.56,10182,27.85,178, -, -
NAM-INDIA, EQ, 14-Jul-2026,1215.3,1215.0,1215.0,1183.3,1190.1,1192.7,1194.79,527315,6300.31,31028, 287662, 54.55
NAMAN, SM, 14-Jul-2026,47.15,46.9,46.9,44.8,46.65,46.65,45.44,6400,2.91,8, 4800, 75.00
NAMOEWASTE, ST, 14-Jul-2026,285.0,290.7,290.7,289.0,289.0,289.0,290.35,26400,76.65,31, 26400, 100.00
NARMADA, EQ, 14-Jul-2026,34.36,34.49,34.73,33.76,34.0,34.2,34.07,202647,69.05,1838, 110859, 54.71
NATCAPSUQ, EQ, 14-Jul-2026,143.68,145.11,146.8,143.4,143.4,143.51,144.38,606,0.87,40, 524, 86.47
NATCOPHARM, EQ, 14-Jul-2026,979.95,978.9,983.5,966.5,972.0,972.25,972.26,299826,2915.08,18567, 138568, 46.22
NATHBIOGEN, EQ, 14-Jul-2026,164.98,165.0,165.5,161.62,162.0,162.11,162.56,8667,14.09,289, 6270, 72.34
NATIONALUM, EQ, 14-Jul-2026,355.2,357.3,366.9,357.2,364.05,364.9,363.69,11143777,40528.58,104827, 5192027, 46.59
NATIONSTD, EQ, 14-Jul-2026,507.5,482.2,482.2,482.2,482.2,482.2,482.2,3640,17.55,215, 3640, 100.00
NAUKRI, EQ, 14-Jul-2026,1191.05,1190.7,1199.85,1175.75,1185.55,1187.95,1185.86,712150,8445.11,30008, 301231, 42.30
NAVA, EQ, 14-Jul-2026,602.65,603.9,604.1,590.0,594.0,594.9,595.32,207715,1236.58,6292, 124112, 59.75
NAVINFLUOR, EQ, 14-Jul-2026,7637.0,7630.5,7729.5,7561.5,7595.0,7586.0,7613.46,97764,7443.22,24847, 55813, 57.09
NAVKARCORP, EQ, 14-Jul-2026,109.95,109.5,112.45,109.1,109.95,109.75,110.5,437772,483.73,5004, 187936, 42.93
NAVKARURB, BE, 14-Jul-2026,0.99,1.01,1.03,1.0,1.03,1.02,1.02,642751,6.53,229, -, -
NAVNETEDUL, EQ, 14-Jul-2026,150.53,151.45,154.5,148.1,148.6,148.52,151.61,279411,423.61,6373, 146282, 52.35
NAZARA, EQ, 14-Jul-2026,307.3,307.3,309.15,302.75,305.0,303.95,304.34,1364680,4153.21,13027, 776805, 56.92
NBCC, EQ, 14-Jul-2026,101.49,100.8,100.8,97.82,98.19,98.15,98.92,11842618,11714.55,41526, 4204605, 35.50
NBIFIN, EQ, 14-Jul-2026,2260.1,2260.1,2288.4,2160.1,2180.0,2184.2,2203.31,885,19.5,154, 590, 66.67
NCC, EQ, 14-Jul-2026,144.45,143.0,143.9,140.82,141.5,141.73,142.48,1480322,2109.19,19018, 894772, 60.44
NCLIND, EQ, 14-Jul-2026,185.9,184.17,188.0,181.1,183.0,182.99,184.04,45314,83.39,919, 30901, 68.19
NDGL, EQ, 14-Jul-2026,2904.7,2850.1,2850.1,2817.1,2820.0,2819.0,2844.21,16,0.46,11, 12, 75.00
NDL, EQ, 14-Jul-2026,2.39,2.37,2.39,2.35,2.38,2.36,2.36,609020,14.39,816, 458692, 75.32
NDLVENTURE, EQ, 14-Jul-2026,132.08,132.98,132.98,130.81,132.49,131.09,131.8,4521,5.96,116, 3723, 82.35
NDRAUTO, EQ, 14-Jul-2026,846.8,863.25,863.25,820.0,824.15,822.65,828.04,19704,163.16,2013, 12232, 62.08
NDTV, EQ, 14-Jul-2026,82.29,82.4,85.0,81.22,82.1,82.04,82.69,388777,321.49,3803, 86280, 22.19
NEAGI, EQ, 14-Jul-2026,3101.0,3101.0,3101.0,3055.0,3057.1,3057.1,3061.82,18,0.55,9, 18, 100.00
NECCLTD, BE, 14-Jul-2026,15.49,15.53,15.77,15.3,15.5,15.72,15.47,23213,3.59,115, -, -
NECLIFE, BE, 14-Jul-2026,11.09,11.3,11.3,11.04,11.2,11.19,11.21,62917,7.05,282, -, -
NELCAST, EQ, 14-Jul-2026,135.08,136.4,136.99,130.76,132.5,132.21,133.85,131910,176.57,2718, 66596, 50.49
NELCO, EQ, 14-Jul-2026,901.4,901.0,910.95,891.0,895.25,894.2,898.65,149494,1343.42,7173, 60521, 40.48
NEOCHEM, ST, 14-Jul-2026,92.35,89.3,93.45,89.25,91.7,91.85,90.43,28800,26.04,13, 26400, 91.67
NEOGEN, EQ, 14-Jul-2026,2150.0,2145.5,2175.0,2085.1,2125.0,2147.2,2124.26,113733,2415.98,17178, 40430, 35.55
NEPHROCARE, ST, 14-Jul-2026,67.9,67.9,68.95,64.55,65.35,66.05,66.43,20800,13.82,39, 18000, 86.54
NEPHROPLUS, EQ, 14-Jul-2026,640.9,649.9,661.0,638.2,647.0,646.45,650.06,133425,867.34,13094, 64669, 48.47
NEPTUNE, SM, 14-Jul-2026,180.0,180.0,180.0,180.0,180.0,180.0,180.0,2500,4.5,5, 2500, 100.00
NESCO, EQ, 14-Jul-2026,1085.6,1085.0,1085.3,1072.0,1079.1,1075.2,1076.16,47651,512.8,3816, 29369, 61.63
NESTLEIND, EQ, 14-Jul-2026,1427.0,1418.5,1448.7,1418.5,1422.0,1427.1,1431.79,1841895,26372.05,75497, 1051350, 57.08
NETF, EQ, 14-Jul-2026,262.97,265.6,265.6,260.4,261.75,261.81,262.27,862,2.26,101, 581, 67.40
NETWEB, EQ, 14-Jul-2026,4400.0,4389.8,4485.0,4361.9,4395.1,4398.1,4422.99,1347378,59594.33,106196, 244001, 18.11
NETWORK18, EQ, 14-Jul-2026,31.79,31.78,32.72,31.37,32.1,31.96,32.1,3961543,1271.79,8487, 1857853, 46.90
NEUEON, BE, 14-Jul-2026,12.93,12.29,12.93,12.29,12.29,12.29,12.31,130620,16.08,163, -, -
NEULANDLAB, EQ, 14-Jul-2026,19019.0,18998.0,19046.0,18738.0,19001.0,18999.0,18931.04,16957,3210.14,7911, 6436, 37.95
NEWGEN, EQ, 14-Jul-2026,590.5,592.5,603.8,551.35,552.5,554.4,565.21,8371127,47314.51,144504, 1367667, 16.34
NEWJAISA, ST, 14-Jul-2026,17.55,17.55,17.55,17.2,17.2,17.2,17.32,4500,0.78,3, 4500, 100.00
NEXT30ADD, EQ, 14-Jul-2026,42.32,42.22,42.24,41.91,41.95,41.96,42.09,1991,0.84,54, 1780, 89.40
NEXT50, EQ, 14-Jul-2026,743.98,741.56,741.95,737.34,741.2,740.39,739.51,15589,115.28,825, 6597, 42.32
NEXT50ADD, EQ, 14-Jul-2026,72.59,74.04,74.04,71.61,72.24,72.12,72.07,23724,17.1,46, 9171, 38.66
NEXT50BETA, EQ, 14-Jul-2026,77.78,77.78,77.92,77.18,77.28,77.68,77.43,366440,283.75,524, 276595, 75.48
NEXT50ETF, EQ, 14-Jul-2026,72.24,71.98,73.98,71.73,73.98,72.17,72.03,28774,20.73,96, 20518, 71.31
NEXT50IETF, EQ, 14-Jul-2026,76.05,76.05,76.06,75.16,75.81,75.77,75.6,691286,522.6,4582, 377543, 54.61
NEXTMEDIA, EQ, 14-Jul-2026,3.96,3.95,4.24,3.9,3.98,3.97,4.09,22020,0.9,52, 17648, 80.15
NFL, EQ, 14-Jul-2026,73.63,73.63,73.93,72.67,72.81,73.03,73.05,474350,346.53,2772, 271997, 57.34
NFPSAMPOOR, SM, 14-Jul-2026,23.85,24.0,24.9,24.0,24.15,24.2,24.37,36000,8.77,17, 20000, 55.56
NGIL, BE, 14-Jul-2026,39.24,40.0,40.7,39.0,40.44,40.44,39.89,28864,11.51,28, -, -
NGLFINE, EQ, 14-Jul-2026,3160.9,3198.0,3198.0,3108.1,3121.0,3130.8,3139.1,3013,94.58,801, 1625, 53.93
NH, EQ, 14-Jul-2026,2037.8,2037.0,2039.5,1995.0,2015.0,2007.2,2014.94,185540,3738.52,21824, 96626, 52.08
NHIT, IV, 14-Jul-2026,166.0,166.0,169.0,166.0,169.0,169.0,167.44,1900000,3181.38,8, 1900000, 100.00
NHPC, EQ, 14-Jul-2026,79.46,78.73,79.3,78.3,78.8,78.77,78.75,7050747,5552.25,33594, 3734585, 52.97
NIACL, EQ, 14-Jul-2026,181.82,181.83,182.5,176.5,176.97,177.24,178.4,772219,1377.61,11854, 330308, 42.77
NIBE, EQ, 14-Jul-2026,1594.4,1589.0,1618.0,1553.5,1595.0,1593.5,1586.82,97737,1550.91,7241, 34345, 35.14
NIBL, EQ, 14-Jul-2026,31.62,31.62,33.95,30.64,33.68,33.25,32.85,124626,40.94,11349, 87289, 70.04
NIF100BEES, EQ, 14-Jul-2026,268.89,267.4,268.49,266.0,268.49,266.47,266.55,23077,61.51,572, 15831, 68.60
NIF100IETF, EQ, 14-Jul-2026,28.07,27.86,28.07,27.86,28.0,27.96,27.98,42313,11.84,1279, 28272, 66.82
NIFTY1, EQ, 14-Jul-2026,268.36,275.06,275.06,266.26,266.88,266.77,267.16,77976,208.32,1303, 36845, 47.25
NIFTY100EW, EQ, 14-Jul-2026,34.88,35.6,35.67,34.56,34.64,34.84,34.78,21682,7.54,210, 15975, 73.68
NIFTYADD, EQ, 14-Jul-2026,254.46,251.92,254.09,251.92,253.02,252.9,253.06,5068,12.83,195, 2197, 43.35
NIFTYAXIS, EQ, 14-Jul-2026,267.57,266.35,266.92,265.48,265.5,265.52,266.07,3791,10.09,137, 2547, 67.19
NIFTYBEES, EQ, 14-Jul-2026,275.3,274.58,274.58,271.0,273.45,273.35,273.79,5310906,14540.81,39863, 3198561, 60.23
NIFTYBETA, EQ, 14-Jul-2026,268.27,274.97,274.97,265.68,266.27,266.21,266.72,17289,46.11,393, 11137, 64.42
NIFTYBETF, EQ, 14-Jul-2026,248.25,248.0,248.24,246.54,246.6,246.59,247.02,713,1.76,48, 707, 99.16
NIFTYCASE, EQ, 14-Jul-2026,9.69,9.69,9.76,9.61,9.62,9.62,9.65,747308,72.15,1586, 433354, 57.99
NIFTYETF, EQ, 14-Jul-2026,262.82,262.82,262.82,260.53,261.18,261.49,261.54,152572,399.04,886, 123658, 81.05
NIFTYIETF, EQ, 14-Jul-2026,274.07,276.1,276.1,271.66,271.9,271.91,272.46,361433,984.76,12508, 233195, 64.52
NIFTYQLITY, EQ, 14-Jul-2026,21.07,20.76,21.28,20.76,21.01,20.94,20.96,14576,3.05,200, 11819, 81.09
NIITLTD, EQ, 14-Jul-2026,99.6,99.3,99.6,96.55,96.55,97.28,97.67,443930,433.57,4231, 203678, 45.88
NIITMTS, EQ, 14-Jul-2026,255.11,256.38,256.38,237.48,241.0,240.78,243.59,443527,1080.41,14797, 196594, 44.33
NIKITA, SM, 14-Jul-2026,81.35,81.35,81.35,79.2,80.3,80.3,80.03,4800,3.84,4, 3600, 75.00
NILAINFRA, EQ, 14-Jul-2026,7.27,7.36,7.38,7.21,7.21,7.24,7.28,78917,5.75,346, 56438, 71.52
NILASPACES, EQ, 14-Jul-2026,12.44,12.49,12.82,12.24,12.59,12.45,12.46,446331,55.62,978, 221660, 49.66
NILE, EQ, 14-Jul-2026,1981.3,2018.9,2018.9,1912.0,1930.6,1936.2,1958.7,4357,85.34,938, 2333, 53.55
NILKAMAL, EQ, 14-Jul-2026,1350.1,1335.1,1393.7,1315.7,1321.0,1332.5,1353.29,36201,489.91,3460, 18798, 51.93
NIMBSPROJ, BE, 14-Jul-2026,204.0,205.0,205.0,193.8,203.0,202.88,202.7,514,1.04,9, -, -
NINSYS, BE, 14-Jul-2026,869.75,860.0,875.0,844.0,874.0,868.55,864.84,2335,20.19,142, -, -
NIPPOBATRY, EQ, 14-Jul-2026,338.4,339.85,344.95,332.6,343.9,338.25,338.64,4118,13.95,298, 2547, 61.85
NIRAJ, BE, 14-Jul-2026,29.19,29.69,29.99,28.23,29.79,29.64,29.47,29942,8.82,82, -, -
NIRAJISPAT, EQ, 14-Jul-2026,194.0,194.0,194.0,194.0,194.0,194.0,194.0,10,0.02,1, 10, 100.00
NIRLON, EQ, 14-Jul-2026,629.2,629.2,657.0,624.5,649.7,647.95,648.15,66699,432.31,2945, 33700, 50.53
NIRMAN, SM, 14-Jul-2026,42.4,42.3,43.0,41.15,41.9,41.85,42.01,7200,3.02,18, 5700, 79.17
NITCO, EQ, 14-Jul-2026,107.06,105.1,106.52,103.58,104.0,104.06,104.69,279148,292.24,3668, 146615, 52.52
NITINSPIN, EQ, 14-Jul-2026,563.3,562.9,565.05,550.0,555.0,554.7,555.52,37108,206.14,1817, 19516, 52.59
NITIRAJ, EQ, 14-Jul-2026,182.12,187.39,194.6,178.99,190.0,192.73,190.52,7251,13.81,227, 3881, 53.52
NITTAGELA, EQ, 14-Jul-2026,1929.2,1938.0,1978.9,1820.2,1900.0,1893.2,1873.51,44856,840.38,5215, 21905, 48.83
NIVABUPA, EQ, 14-Jul-2026,88.09,88.75,88.98,85.76,86.31,86.17,86.83,6230847,5410.07,20697, 5433086, 87.20
NKIND, EQ, 14-Jul-2026,65.0,64.8,64.8,62.65,64.2,63.83,63.91,428,0.27,19, 360, 84.11
NLCINDIA, EQ, 14-Jul-2026,304.65,303.3,306.35,299.95,303.2,303.6,302.95,2015101,6104.67,22513, 925632, 45.93
NMDC, EQ, 14-Jul-2026,84.13,84.0,85.95,83.82,84.86,84.99,85.04,24646208,20959.45,90188, 13366937, 54.24
NMSTEEL, SM, 14-Jul-2026,24.5,24.45,24.45,24.45,24.45,24.45,24.45,1600,0.39,1, 1600, 100.00
NOCIL, EQ, 14-Jul-2026,171.44,170.0,171.5,167.39,168.7,168.39,169.35,291351,493.41,4343, 140963, 48.38
NOIDATOLL, BE, 14-Jul-2026,4.78,4.81,4.81,4.67,4.7,4.7,4.73,41488,1.96,140, -, -
NORBTEAEXP, EQ, 14-Jul-2026,71.35,71.35,71.7,68.43,70.98,68.94,69.93,332,0.23,23, 298, 89.76
NORTHARC, EQ, 14-Jul-2026,324.95,325.5,328.25,315.15,319.0,318.9,320.08,628665,2012.26,17277, 314665, 50.05
NOVAAGRI, BE, 14-Jul-2026,23.13,23.8,23.8,22.25,22.35,22.45,22.77,101794,23.17,448, -, -
NOVARTIND, EQ, 14-Jul-2026,1664.8,1668.0,1723.0,1586.1,1625.0,1617.6,1663.87,94029,1564.52,9321, 29781, 31.67
NPBET, EQ, 14-Jul-2026,292.17,292.17,292.17,287.84,291.0,290.51,289.97,2146,6.22,23, 146, 6.80
NPST, EQ, 14-Jul-2026,1594.6,1579.0,1597.8,1539.0,1565.0,1571.8,1562.97,14304,223.57,2157, 8679, 60.68
NRAIL, EQ, 14-Jul-2026,447.25,459.0,459.0,437.2,437.2,437.65,440.97,874,3.85,138, 488, 55.84
NRBBEARING, EQ, 14-Jul-2026,424.1,424.95,429.7,416.1,420.0,421.8,422.59,229895,971.52,6116, 102236, 44.47
NRL, BE, 14-Jul-2026,105.3,107.99,110.0,103.0,108.02,109.68,107.67,173336,186.62,1078, -, -
NRVANDANA, ST, 14-Jul-2026,70.4,72.0,72.0,71.0,71.0,71.1,71.1,147000,104.52,15, 135000, 91.84
NSIL, EQ, 14-Jul-2026,5492.5,5450.5,5500.0,5410.0,5452.0,5444.5,5445.2,1131,61.59,262, 681, 60.21
NSLNISP, EQ, 14-Jul-2026,43.15,43.15,43.39,42.82,43.08,43.09,43.06,1823744,785.29,8353, 824602, 45.21
NTPC, EQ, 14-Jul-2026,351.75,348.5,353.95,347.5,348.75,348.15,350.15,8579646,30041.26,121616, 4915777, 57.30
NTPCGREEN, EQ, 14-Jul-2026,94.55,94.39,96.25,93.74,94.08,94.15,94.88,2322074,2203.16,32174, 926416, 39.90
NUCLEUS, EQ, 14-Jul-2026,773.4,771.0,784.0,757.35,758.0,762.75,769.47,26915,207.1,1982, 14214, 52.81
NURECA, EQ, 14-Jul-2026,245.57,245.57,294.68,244.9,272.98,275.07,284.27,504015,1432.78,11559, 93069, 18.47
NUVAMA, EQ, 14-Jul-2026,1919.7,1898.4,1965.0,1885.2,1928.0,1933.9,1935.69,466429,9028.6,35897, 187570, 40.21
NUVOCO, EQ, 14-Jul-2026,316.55,341.95,358.8,334.0,338.5,341.4,343.52,21133756,72598.82,253900, 1767030, 8.36
NV20, EQ, 14-Jul-2026,14.18,14.18,14.2,14.04,14.07,14.06,14.08,27702,3.9,186, 25187, 90.92
NV20BEES, EQ, 14-Jul-2026,142.31,142.3,142.3,140.66,141.5,141.11,141.3,37403,52.85,326, 17459, 46.68
NV20IETF, EQ, 14-Jul-2026,13.81,13.81,13.85,13.7,13.8,13.75,13.75,260511,35.82,1682, 196326, 75.36
NXST, RR, 14-Jul-2026,164.07,164.92,165.1,164.31,164.87,164.88,164.93,90792,149.74,2250, 74013, 81.52
NYKAA, EQ, 14-Jul-2026,328.4,327.25,329.6,322.4,323.75,324.45,326.19,5358871,17479.93,89462, 3498704, 65.29
OAL, EQ, 14-Jul-2026,355.2,353.3,358.85,347.25,348.15,352.65,353.28,18483,65.3,1355, 9706, 52.51
OBCL, EQ, 14-Jul-2026,53.62,53.0,53.49,51.7,53.0,52.25,52.43,9667,5.07,158, 6391, 66.11
OBEROIRLTY, EQ, 14-Jul-2026,1925.2,1926.6,1947.9,1902.0,1910.0,1916.5,1917.64,698324,13391.35,30487, 320130, 45.84
OBSCP, SM, 14-Jul-2026,652.0,660.0,660.0,632.0,632.0,634.1,638.6,20400,130.28,51, 16400, 80.39
OCCLLTD, BE, 14-Jul-2026,128.3,126.51,133.0,126.51,130.25,131.5,130.42,31442,41.01,297, -, -
ODIGMA, BE, 14-Jul-2026,23.0,23.01,23.49,23.0,23.02,23.04,23.14,4613,1.07,155, -, -
OFSS, EQ, 14-Jul-2026,11746.0,11740.0,11886.0,11607.0,11650.0,11646.0,11716.09,243706,28552.82,35161, 95708, 39.27
OIL, EQ, 14-Jul-2026,431.05,435.9,442.3,434.55,440.45,441.1,439.29,5996484,26341.83,63692, 3073670, 51.26
OILCOUNTUB, BE, 14-Jul-2026,54.5,56.98,56.98,52.0,53.5,53.42,53.04,44093,23.39,150, -, -
OILIETF, EQ, 14-Jul-2026,11.33,11.31,11.35,11.24,11.26,11.25,11.28,944446,106.49,2282, 644663, 68.26
OLAELEC, EQ, 14-Jul-2026,40.32,40.15,40.35,39.13,39.3,39.47,39.84,36360238,14485.4,71964, 9548034, 26.26
OLECTRA, EQ, 14-Jul-2026,1401.2,1392.6,1397.2,1372.0,1373.9,1378.2,1384.14,283029,3917.53,14987, 122091, 43.14
OLIL, ST, 14-Jul-2026,421.0,424.0,434.0,424.0,434.0,434.0,425.11,3600,15.3,6, 3600, 100.00
OMAXAUTO, BE, 14-Jul-2026,254.36,255.0,255.0,245.6,250.0,248.98,249.63,51669,128.98,641, -, -
OMAXE, EQ, 14-Jul-2026,90.77,90.53,98.37,90.02,97.15,97.52,96.35,6367876,6135.13,40707, 813954, 12.78
OMFREIGHT, BE, 14-Jul-2026,93.99,93.99,95.0,90.75,90.75,91.38,91.92,8289,7.62,129, -, -
OMFURN, ST, 14-Jul-2026,53.95,54.5,54.5,54.5,54.5,54.5,54.5,1200,0.65,1, 1200, 100.00
OMINFRAL, EQ, 14-Jul-2026,91.15,91.44,91.44,89.0,89.7,89.95,89.98,63588,57.22,1685, 36597, 57.55
OMNI, EQ, 14-Jul-2026,547.65,548.0,562.0,538.2,548.0,550.75,552.52,383284,2117.73,22444, 144568, 37.72
OMPOWER, EQ, 14-Jul-2026,175.58,176.55,176.55,168.08,172.99,172.73,171.71,175759,301.79,2581, 89905, 51.15
ONDOOR, ST, 14-Jul-2026,200.0,200.0,200.0,194.0,196.9,196.9,195.73,5100,9.98,11, 5100, 100.00
ONELIFECAP, BE, 14-Jul-2026,38.02,39.0,39.0,37.0,37.01,37.01,37.42,21878,8.19,99, -, -
ONEPOINT, EQ, 14-Jul-2026,55.46,55.35,57.0,54.35,56.21,56.35,55.85,1465259,818.37,7550, 400042, 27.30
ONESOURCE, EQ, 14-Jul-2026,1673.0,1681.2,1693.9,1616.9,1650.0,1648.1,1652.64,336968,5568.87,24933, 146033, 43.34
ONGC, EQ, 14-Jul-2026,248.45,252.0,252.0,247.3,248.01,248.9,248.92,16299949,40573.56,123905, 8891576, 54.55
ONIDA, BE, 14-Jul-2026,40.85,41.25,41.45,39.2,40.45,40.16,40.42,180490,72.96,362, -, -
ONMOBILE, BE, 14-Jul-2026,71.14,69.81,71.13,68.16,68.65,69.41,69.3,55170,38.23,438, -, -
ONWARDTEC, EQ, 14-Jul-2026,290.45,289.75,299.8,279.55,284.1,284.65,291.76,87237,254.52,2846, 40637, 46.58
ONYX, ST, 14-Jul-2026,38.25,36.85,36.85,36.85,36.85,36.85,36.85,2000,0.74,1, 2000, 100.00
OPTIEMUS, EQ, 14-Jul-2026,579.9,575.0,591.0,565.0,565.5,566.3,577.74,229333,1324.95,12242, 107640, 46.94
OPTIVALUE, SM, 14-Jul-2026,91.3,90.05,91.75,89.15,90.5,90.55,90.62,27200,24.65,17, 17600, 64.71
ORBTEXP, BE, 14-Jul-2026,235.68,236.9,238.8,234.5,238.5,237.23,236.92,13198,31.27,225, -, -
ORCHASP, EQ, 14-Jul-2026,1.94,1.93,1.95,1.83,1.84,1.84,1.87,226507,4.24,279, 163796, 72.31
ORCHPHARMA, EQ, 14-Jul-2026,1007.4,1007.4,1106.95,1006.2,1056.0,1052.95,1058.89,785905,8321.85,51976, 99226, 12.63
ORIANA, SM, 14-Jul-2026,1504.9,1513.9,1521.0,1492.0,1500.0,1498.45,1508.54,26625,401.65,244, 20175, 75.77
ORICONENT, EQ, 14-Jul-2026,56.33,56.3,58.25,56.2,58.25,57.8,57.21,69389,39.7,826, 47757, 68.83
ORIENTALTL, EQ, 14-Jul-2026,5.48,5.48,5.7,5.21,5.47,5.43,5.46,191414,10.46,392, 92911, 48.54
ORIENTBELL, EQ, 14-Jul-2026,321.45,318.15,324.8,318.15,319.0,320.1,321.34,2745,8.82,164, 1679, 61.17
ORIENTCEM, EQ, 14-Jul-2026,136.89,136.92,137.95,135.41,135.61,136.37,136.25,153543,209.21,1615, 61581, 40.11
ORIENTCER, EQ, 14-Jul-2026,41.48,41.4,43.37,40.52,42.0,42.0,41.71,84003,35.04,807, 56242, 66.95
ORIENTELEC, EQ, 14-Jul-2026,175.94,176.8,177.0,173.11,174.18,174.05,174.84,91876,160.64,2247, 42136, 45.86
ORIENTHOT, EQ, 14-Jul-2026,133.41,132.96,138.53,132.67,134.35,133.98,134.94,415749,561.02,5409, 131508, 31.63
ORIENTLTD, EQ, 14-Jul-2026,73.74,73.0,74.39,71.05,71.05,71.46,71.88,2075,1.49,57, 1228, 59.18
ORIENTPPR, EQ, 14-Jul-2026,16.72,16.65,16.94,16.6,16.93,16.86,16.76,128910,21.6,561, 99932, 77.52
ORIENTTECH, EQ, 14-Jul-2026,258.8,258.6,298.6,256.21,280.4,280.8,288.92,17335944,50086.9,211965, 721131, 4.16
ORISSAMINE, EQ, 14-Jul-2026,3784.3,3784.3,3842.9,3699.1,3720.0,3734.9,3764.11,7091,266.91,1673, 3463, 48.84
ORKLAINDIA, EQ, 14-Jul-2026,590.95,590.95,594.45,579.0,593.0,590.2,586.87,112336,659.27,8290, 80181, 71.38
ORTEL, BZ, 14-Jul-2026,1.65,1.73,1.73,1.66,1.71,1.71,1.72,6918,0.12,18, -, -
ORTINGLOBE, BE, 14-Jul-2026,16.0,16.76,16.76,15.7,15.98,15.99,16.41,1236,0.2,26, -, -
OSELDEVICE, SM, 14-Jul-2026,448.0,448.0,450.0,434.0,442.0,443.0,443.22,16000,70.92,44, 13200, 82.50
OSIAHYPER, BE, 14-Jul-2026,3.18,3.21,3.21,3.03,3.1,3.08,3.1,307679,9.54,378, -, -
OSWALAGRO, BE, 14-Jul-2026,40.96,41.2,41.4,40.4,40.99,40.64,40.89,17468,7.14,94, -, -
OSWALGREEN, EQ, 14-Jul-2026,22.47,22.36,22.59,21.78,21.82,21.88,22.01,93807,20.65,693, 62919, 67.07
OSWALPUMPS, EQ, 14-Jul-2026,408.0,406.05,406.05,400.0,400.0,401.25,402.28,273985,1102.18,5407, 160552, 58.60
OSWALSEEDS, EQ, 14-Jul-2026,10.79,10.98,11.15,10.35,10.87,10.84,10.62,160705,17.07,215, 122022, 75.93
OWAIS, ST, 14-Jul-2026,105.7,102.95,107.0,100.75,106.6,105.4,103.28,12500,12.91,65, 11000, 88.00
PACEDIGITK, EQ, 14-Jul-2026,212.24,211.0,211.99,203.0,204.8,204.5,207.41,1943991,4032.04,15838, 996543, 51.26
PAGEIND, EQ, 14-Jul-2026,39955.0,40000.0,40630.0,39675.0,40540.0,40530.0,40311.39,24622,9925.47,10259, 13223, 53.70
PAISALO, EQ, 14-Jul-2026,72.3,71.95,73.6,71.48,72.41,72.45,72.82,10037118,7308.85,26623, 2964752, 29.54
PAKKA, EQ, 14-Jul-2026,73.72,74.3,75.6,72.73,74.8,73.82,73.41,41481,30.45,816, 26993, 65.07
PALASHSECU, EQ, 14-Jul-2026,90.36,93.5,94.45,91.01,91.01,91.01,93.26,423,0.39,43, 303, 71.63
PALREDTEC, BE, 14-Jul-2026,53.7,52.63,52.63,52.63,52.63,52.63,52.63,646,0.34,10, -, -
PANACEABIO, EQ, 14-Jul-2026,542.5,546.8,546.8,534.0,537.0,537.55,537.61,60416,324.8,2434, 26942, 44.59
PANACHE, EQ, 14-Jul-2026,448.9,459.0,459.0,442.1,452.0,447.95,448.95,7414,33.29,383, 4405, 59.41
PANAMAPET, EQ, 14-Jul-2026,419.2,419.2,423.95,409.3,420.0,417.1,414.75,88453,366.86,2764, 48185, 54.48
PANSARI, EQ, 14-Jul-2026,358.85,358.9,365.0,355.0,363.0,363.4,359.76,2844,10.23,154, 1718, 60.41
PAR, EQ, 14-Jul-2026,91.68,91.68,93.8,90.6,91.32,91.35,92.17,4465,4.12,40, 3494, 78.25
PARACABLES, EQ, 14-Jul-2026,65.99,65.78,66.0,64.85,65.65,65.2,65.32,907198,592.55,5365, 382179, 42.13
PARADEEP, EQ, 14-Jul-2026,143.38,142.6,143.8,140.12,141.55,141.48,141.93,2341900,3323.88,24636, 1292560, 55.19
PARAGMILK, EQ, 14-Jul-2026,229.46,227.6,232.34,222.4,223.01,224.04,225.93,389452,879.89,5375, 210834, 54.14
PARAGON, SM, 14-Jul-2026,48.5,49.25,49.25,49.25,49.25,49.25,49.25,1200,0.59,1, 1200, 100.00
PARAMOUNT, ST, 14-Jul-2026,36.4,36.05,36.05,36.05,36.05,36.05,36.05,1200,0.43,1, 1200, 100.00
PARAMPARA, SM, 14-Jul-2026,11.9,12.45,12.45,12.4,12.4,12.4,12.43,16000,1.99,2, 0, 0.00
PARAS, EQ, 14-Jul-2026,1224.5,1216.0,1228.6,1195.1,1201.4,1202.3,1205.37,891412,10744.83,32681, 238715, 26.78
PARASPETRO, EQ, 14-Jul-2026,2.03,2.05,2.09,2.02,2.06,2.04,2.06,108519,2.23,168, 58820, 54.20
PARIN, SM, 14-Jul-2026,728.2,728.75,734.0,700.75,725.0,724.8,726.34,5000,36.32,15, 2000, 40.00
PARKHOSPS, EQ, 14-Jul-2026,290.45,291.9,292.0,285.0,287.0,286.55,287.6,355311,1021.86,7726, 207066, 58.28
PARKHOTELS, EQ, 14-Jul-2026,131.26,130.9,134.79,129.0,132.1,132.17,132.23,433229,572.87,3908, 275303, 63.55
PARSVNATH, BE, 14-Jul-2026,2.3,2.26,2.26,2.26,2.26,2.26,2.26,80067,1.81,132, -, -
PARTH, ST, 14-Jul-2026,425.0,435.0,445.0,435.0,438.0,438.0,439.59,4000,17.58,10, 4000, 100.00
PARTYCRUS, SM, 14-Jul-2026,84.4,85.0,85.0,85.0,85.0,85.0,85.0,2000,1.7,2, 2000, 100.00
PASHUPATI, EQ, 14-Jul-2026,86.95,87.9,88.65,86.22,88.55,87.52,86.94,57856,50.3,2835, 17231, 29.78
PASUPTAC, BE, 14-Jul-2026,62.04,63.48,63.48,60.01,60.41,60.41,60.85,71444,43.47,337, -, -
PATANJALI, EQ, 14-Jul-2026,408.85,408.85,409.55,405.85,407.0,407.55,407.37,2782224,11333.94,63966, 1135469, 40.81
PATELENG, EQ, 14-Jul-2026,31.53,31.21,31.49,30.55,30.63,30.61,30.89,3436885,1061.69,9787, 1843056, 53.63
PATELRMART, EQ, 14-Jul-2026,227.18,228.9,230.2,223.28,224.2,225.27,225.69,68894,155.48,1673, 22592, 32.79
PATILAUTOM, ST, 14-Jul-2026,192.0,188.0,197.0,188.0,192.95,191.05,193.8,27600,53.49,38, 23400, 84.78
PATINTLOG, BE, 14-Jul-2026,15.52,15.49,15.49,15.25,15.35,15.29,15.29,16881,2.58,102, -, -
PAUSHAKLTD, EQ, 14-Jul-2026,571.15,571.0,577.95,542.4,547.5,550.7,554.55,28608,158.64,1575, 16645, 58.18
PAVNAIND, BE, 14-Jul-2026,16.67,16.5,17.44,16.5,17.34,17.32,17.2,34293,5.9,93, -, -
PAYTM, EQ, 14-Jul-2026,1386.5,1377.5,1393.4,1364.0,1385.0,1381.4,1380.04,4078216,56280.9,84471, 1898153, 46.54
PCBL, EQ, 14-Jul-2026,323.55,321.85,325.5,317.6,319.0,318.9,320.39,653458,2093.61,13746, 243060, 37.20
PCCL, SM, 14-Jul-2026,253.95,245.0,251.0,245.0,251.0,251.0,246.46,8400,20.7,20, 4400, 52.38
PCJEWELLER, EQ, 14-Jul-2026,9.92,9.94,10.13,9.78,9.8,9.86,9.95,375453742,37353.6,177247, 68998907, 18.38
PDMJEPAPER, EQ, 14-Jul-2026,85.61,85.0,85.8,84.01,84.6,84.36,84.76,36534,30.97,716, 21709, 59.42
PDSL, EQ, 14-Jul-2026,359.35,390.0,418.5,375.0,380.5,382.25,399.01,9246576,36894.99,152106, 827687, 8.95
PEARLPOLY, BE, 14-Jul-2026,18.1,18.0,18.0,17.32,17.35,17.35,17.36,11329,1.97,28, -, -
PELATRO, SM, 14-Jul-2026,251.85,252.0,252.0,250.0,250.4,250.4,250.71,10800,27.08,17, 10500, 97.22
PENIND, EQ, 14-Jul-2026,172.34,174.0,185.0,171.38,172.46,172.63,179.48,3973488,7131.47,40204, 813890, 20.48
PENINLAND, BE, 14-Jul-2026,19.25,18.9,18.9,18.87,18.87,18.87,18.89,36639,6.92,117, -, -
PENTAGON, SM, 14-Jul-2026,54.0,52.65,52.65,52.65,52.65,52.65,52.65,1000,0.53,1, 1000, 100.00
PERSISTENT, EQ, 14-Jul-2026,5192.4,5189.9,5257.0,5111.1,5125.0,5129.1,5177.39,567112,29361.58,50904, 220923, 38.96
PETRONET, EQ, 14-Jul-2026,278.95,277.85,278.15,275.3,276.0,276.05,276.4,1207948,3338.75,28284, 866684, 71.75
PFC, EQ, 14-Jul-2026,405.1,405.0,409.95,400.15,409.4,409.15,407.05,4321273,17589.86,71384, 2273981, 52.62
PFIZER, EQ, 14-Jul-2026,4736.3,4736.3,4747.0,4655.9,4665.0,4664.6,4690.29,39243,1840.61,9261, 23281, 59.33
PFOCUS, BE, 14-Jul-2026,269.52,267.1,277.85,261.6,272.7,274.09,272.49,734997,2002.81,4514, -, -
PFS, EQ, 14-Jul-2026,31.03,31.0,31.04,30.3,30.32,30.57,30.69,316086,97.01,1187, 192443, 60.88
PGEL, EQ, 14-Jul-2026,595.85,590.4,603.0,583.0,602.1,601.1,596.81,2938064,17534.61,39040, 1025300, 34.90
PGHH, EQ, 14-Jul-2026,8906.0,8950.0,8950.0,8868.0,8875.0,8877.0,8895.98,4658,414.37,1430, 2986, 64.10
PGHL, EQ, 14-Jul-2026,6867.0,6870.0,6950.0,6810.5,6900.0,6918.5,6875.17,42343,2911.16,6626, 26834, 63.37
PGIL, EQ, 14-Jul-2026,2049.4,2045.0,2046.0,1990.4,1999.0,1997.3,2016.16,33285,671.08,6259, 12972, 38.97
PGINVIT, IV, 14-Jul-2026,96.97,96.97,97.05,96.9,96.95,96.95,96.95,1135656,1101.06,6921, 1010878, 89.01
PHANTOMFX, SM, 14-Jul-2026,187.75,186.0,191.95,186.0,191.0,189.65,189.11,11700,22.13,37, 9000, 76.92
PHARMABEES, EQ, 14-Jul-2026,26.39,25.73,26.96,25.73,26.57,26.59,26.58,5943934,1580.0,9684, 3594264, 60.47
PHOENIXLTD, EQ, 14-Jul-2026,2154.0,2143.0,2169.8,2118.0,2120.1,2132.5,2137.78,982204,20997.39,68499, 595498, 60.63
PHOGLOBAL, SM, 14-Jul-2026,16.2,16.2,16.2,15.9,16.15,16.15,16.08,8000,1.29,4, 8000, 100.00
PICCADIL, EQ, 14-Jul-2026,718.9,716.65,738.75,710.1,717.05,716.55,722.49,386031,2789.05,20361, 155153, 40.19
PIDILITIND, EQ, 14-Jul-2026,1580.7,1565.0,1572.9,1547.4,1557.0,1555.4,1554.68,1040498,16176.41,46317, 689785, 66.29
PIGL, EQ, 14-Jul-2026,114.77,114.41,114.47,109.1,109.11,110.08,111.49,51110,56.98,674, 28175, 55.13
PIIND, EQ, 14-Jul-2026,2569.0,2571.4,2571.5,2527.0,2541.8,2537.2,2537.15,371827,9433.82,28553, 223432, 60.09
PILANIINVS, EQ, 14-Jul-2026,4459.4,4421.2,4438.8,4351.1,4398.0,4362.4,4388.73,2169,95.19,375, 1453, 66.99
PILITA, BE, 14-Jul-2026,9.09,9.3,9.3,9.0,9.0,9.0,9.06,37144,3.36,75, -, -
PINELABS, EQ, 14-Jul-2026,155.14,154.74,157.84,152.84,157.2,156.92,155.92,17542322,27351.36,60207, 6569695, 37.45
PIONEEREMB, EQ, 14-Jul-2026,23.42,23.62,23.62,22.5,22.66,22.75,22.72,1655,0.38,54, 1139, 68.82
PIONRINV, EQ, 14-Jul-2026,81.34,80.1,82.4,78.75,79.0,79.18,79.93,3723,2.98,118, 1820, 48.89
PIRAMALFIN, EQ, 14-Jul-2026,2172.8,2180.0,2202.0,2142.7,2143.0,2152.9,2172.0,217480,4723.66,24942, 80239, 36.89
PITTIENG, EQ, 14-Jul-2026,973.55,970.1,974.75,950.1,958.5,958.4,964.08,30130,290.48,1524, 17782, 59.02
PIXTRANS, EQ, 14-Jul-2026,1853.4,1853.4,1859.6,1817.0,1835.0,1837.2,1832.22,9528,174.57,1224, 3373, 35.40
PKTEA, EQ, 14-Jul-2026,729.0,713.1,722.0,713.1,718.0,718.85,720.26,47,0.34,19, 30, 63.83
PLADAINFO, SM, 14-Jul-2026,12.0,11.4,11.4,11.4,11.4,11.4,11.4,3000,0.34,1, 3000, 100.00
PLASTIBLEN, EQ, 14-Jul-2026,195.79,207.0,216.29,198.1,198.51,199.82,208.39,1105978,2304.78,14086, 330658, 29.90
PLATIND, EQ, 14-Jul-2026,231.08,228.48,230.11,225.1,228.2,227.74,227.28,46606,105.93,1146, 24254, 52.04
PLAZACABLE, BE, 14-Jul-2026,43.63,43.63,43.9,42.8,43.0,43.04,43.25,15997,6.92,191, -, -
PML, EQ, 14-Jul-2026,477.05,480.1,480.1,475.0,480.0,480.0,479.84,485,2.33,23, 485, 100.00
PNB, EQ, 14-Jul-2026,106.34,106.0,106.3,104.6,104.9,105.0,105.09,9414016,9893.21,31631, 3784900, 40.20
PNBGILTS, EQ, 14-Jul-2026,89.19,89.01,89.08,87.21,88.7,88.35,88.09,320126,282.0,2387, 131162, 40.97
PNBHOUSING, EQ, 14-Jul-2026,1122.3,1116.4,1116.4,1079.2,1097.0,1095.5,1092.88,714193,7805.29,36745, 294882, 41.29
PNC, EQ, 14-Jul-2026,20.4,20.9,21.0,19.05,19.67,19.79,19.75,133206,26.3,608, 86311, 64.80
PNCINFRA, EQ, 14-Jul-2026,247.46,247.0,251.88,242.75,243.3,244.53,245.58,546066,1341.0,12806, 272965, 49.99
PNGJL, EQ, 14-Jul-2026,598.35,594.95,602.95,590.1,593.0,593.3,595.55,273934,1631.4,11275, 144562, 52.77
PNGSREVA, EQ, 14-Jul-2026,406.85,412.95,412.95,402.6,407.25,408.55,407.63,35541,144.88,2099, 17713, 49.84
POCL, EQ, 14-Jul-2026,1437.0,1437.0,1437.0,1385.0,1391.0,1392.5,1409.38,132012,1860.55,8250, 67852, 51.40
PODDARMENT, EQ, 14-Jul-2026,240.33,235.5,244.96,235.0,235.51,235.52,236.16,2403,5.68,75, 1951, 81.19
POKARNA, EQ, 14-Jul-2026,1011.5,997.0,1023.9,997.0,1010.0,1019.1,1017.1,31682,322.24,3880, 14896, 47.02
POLICYBZR, EQ, 14-Jul-2026,1594.6,1582.0,1591.8,1555.0,1570.0,1566.9,1567.12,968474,15177.17,46676, 525424, 54.25
POLYCAB, EQ, 14-Jul-2026,9306.5,9304.5,9564.0,9228.0,9530.0,9532.5,9448.62,464552,43893.74,50560, 180934, 38.95
POLYMED, EQ, 14-Jul-2026,1651.6,1645.1,1669.2,1622.5,1668.0,1664.4,1643.44,90000,1479.09,10536, 43446, 48.27
POLYPLEX, EQ, 14-Jul-2026,1092.75,1090.0,1090.0,1056.35,1070.0,1062.7,1070.82,64414,689.76,4930, 36197, 56.19
POLYSIL, SM, 14-Jul-2026,114.6,112.0,112.15,110.0,111.0,111.0,110.74,20000,22.15,22, 15500, 77.50
PONNIERODE, EQ, 14-Jul-2026,329.55,329.55,335.0,322.25,324.1,325.3,328.61,8919,29.31,585, 4390, 49.22
POONAWALLA, EQ, 14-Jul-2026,485.1,481.0,482.65,466.05,468.3,469.25,470.56,767204,3610.18,17488, 393368, 51.27
POSITRON, ST, 14-Jul-2026,183.8,183.45,183.5,180.05,180.05,180.05,182.11,1500,2.73,5, 1200, 80.00
POWERGRID, EQ, 14-Jul-2026,286.0,282.35,286.95,282.3,285.6,286.15,284.5,7596298,21611.38,87960, 4355081, 57.33
POWERICA, EQ, 14-Jul-2026,574.35,581.95,590.0,566.0,567.3,567.6,577.64,472087,2726.95,14275, 194854, 41.28
POWERINDIA, EQ, 14-Jul-2026,31915.0,31550.0,32585.0,31300.0,32460.0,32490.0,32092.76,87083,27947.34,30801, 29931, 34.37
POWERMECH, EQ, 14-Jul-2026,2666.2,2665.0,2665.0,2584.1,2588.1,2590.3,2608.49,51788,1350.89,8783, 28362, 54.77
PPAP, EQ, 14-Jul-2026,372.14,367.99,369.3,334.93,336.5,338.02,349.45,529664,1850.9,17175, 187120, 35.33
PPL, BE, 14-Jul-2026,273.05,274.0,274.0,259.45,268.95,266.6,268.28,30776,82.57,470, -, -
PPLPHARMA, EQ, 14-Jul-2026,173.63,173.63,174.77,171.01,171.92,171.93,172.85,2716698,4695.77,26714, 1064246, 39.17
PPSL, ST, 14-Jul-2026,2.45,2.4,2.55,2.35,2.55,2.5,2.4,933000,22.41,201, 852000, 91.32
PRABHA, EQ, 14-Jul-2026,150.46,148.52,151.99,148.52,150.99,150.23,150.1,7145,10.72,136, 5703, 79.82
PRADPME, BE, 14-Jul-2026,503.95,508.95,509.75,490.0,492.0,490.65,492.88,17888,88.17,150, -, -
PRAENG, EQ, 14-Jul-2026,19.41,19.03,19.69,18.9,19.29,18.98,19.17,26017,4.99,169, 19421, 74.65
PRAJIND, EQ, 14-Jul-2026,357.35,357.35,357.35,349.1,351.3,351.7,352.3,461718,1626.63,12606, 205730, 44.56
PRAKASH, EQ, 14-Jul-2026,128.61,128.5,129.5,127.15,127.88,127.58,128.02,203949,261.09,2248, 112051, 54.94
PRAKASHSTL, EQ, 14-Jul-2026,4.12,4.15,4.15,4.05,4.08,4.08,4.1,92356,3.78,340, 73829, 79.94
PRAMARA, SM, 14-Jul-2026,137.6,137.0,142.0,135.0,135.0,136.2,138.33,34000,47.03,57, 19500, 57.35
PRANIK, SM, 14-Jul-2026,43.25,43.25,44.0,42.1,43.6,43.0,43.01,102400,44.05,6, 102400, 100.00
PRATHAM, SM, 14-Jul-2026,116.8,118.0,119.0,115.0,115.15,116.1,117.4,4400,5.17,11, 4000, 90.91
PRAVEG, EQ, 14-Jul-2026,238.15,242.9,242.9,232.1,232.1,236.87,237.36,55027,130.61,1675, 23872, 43.38
PRAXIS, BE, 14-Jul-2026,7.46,7.31,7.58,7.28,7.28,7.3,7.33,20028,1.47,56, -, -
PRECAM, EQ, 14-Jul-2026,148.04,148.04,148.49,143.3,143.3,144.35,145.07,93676,135.9,1881, 49661, 53.01
PRECISION, SM, 14-Jul-2026,6.5,6.5,6.5,6.2,6.2,6.2,6.27,36000,2.26,15, 32000, 88.89
PRECOT, EQ, 14-Jul-2026,796.5,797.95,836.0,794.05,794.45,795.0,809.29,6229,50.41,375, 4004, 64.28
PRECWIRE, EQ, 14-Jul-2026,387.15,385.0,385.85,378.0,380.05,379.2,381.38,132355,504.78,7648, 65283, 49.32
PREMCO, EQ, 14-Jul-2026,373.6,372.0,374.0,365.0,370.0,370.35,369.17,353,1.3,49, 297, 84.14
PREMEXPLN, EQ, 14-Jul-2026,670.95,669.0,679.0,661.0,669.5,668.0,668.96,410157,2743.78,8517, 183066, 44.63
PREMIER, BE, 14-Jul-2026,2.91,3.01,3.01,2.85,2.96,2.96,2.89,22672,0.65,48, -, -
PREMIERENE, EQ, 14-Jul-2026,1109.5,1105.0,1110.0,1088.0,1101.0,1100.9,1098.24,1330092,14607.64,35487, 386067, 29.03
PREMIERPOL, EQ, 14-Jul-2026,65.6,65.59,66.7,62.76,63.57,63.41,63.95,78501,50.2,955, 49341, 62.85
PRESSTONIC, SM, 14-Jul-2026,26.1,26.1,26.1,25.0,25.35,25.65,25.61,44000,11.27,43, 31200, 70.91
PRESTIGE, EQ, 14-Jul-2026,1724.3,1715.0,1729.9,1684.0,1689.7,1693.6,1698.38,872609,14820.22,55341, 445626, 51.07
PRICOLLTD, EQ, 14-Jul-2026,621.15,621.8,622.25,612.0,615.25,616.6,616.02,544280,3352.85,18202, 340802, 62.62
PRIMECAB, ST, 14-Jul-2026,164.75,172.95,172.95,172.45,172.95,172.95,172.9,32000,55.33,20, 32000, 100.00
PRIMESECU, EQ, 14-Jul-2026,274.15,269.95,274.15,269.95,270.0,271.25,271.34,5228,14.19,303, 3576, 68.40
PRIMO, EQ, 14-Jul-2026,23.8,23.6,24.13,23.5,23.89,23.76,23.65,39835,9.42,199, 26430, 66.35
PRINCEPIPE, EQ, 14-Jul-2026,270.6,270.0,270.0,263.5,267.95,267.3,266.68,143449,382.55,3671, 71213, 49.64
PRITI, BE, 14-Jul-2026,39.48,39.98,40.75,38.5,38.72,40.08,39.89,9271,3.7,88, -, -
PRITIKAUTO, BE, 14-Jul-2026,19.25,20.1,20.17,18.6,19.0,18.88,19.52,675185,131.81,987, -, -
PRIVISCL, EQ, 14-Jul-2026,3621.8,3678.0,3755.9,3657.6,3674.0,3682.0,3692.91,79818,2947.61,12505, 35611, 44.62
PRIZOR, ST, 14-Jul-2026,817.2,800.9,802.5,800.9,802.5,802.5,801.19,16000,128.19,30, 16000, 100.00
PRLIND, SM, 14-Jul-2026,47.25,47.0,47.75,45.2,46.0,46.15,46.49,22000,10.23,21, 14000, 63.64
PROFX, SM, 14-Jul-2026,74.55,74.55,76.0,74.55,76.0,76.0,75.28,3200,2.41,2, 3200, 100.00
PROLIFE, SM, 14-Jul-2026,79.55,75.6,75.6,75.6,75.6,75.6,75.6,1000,0.76,2, 1000, 100.00
PROSTARM, EQ, 14-Jul-2026,131.23,130.5,130.86,129.0,130.0,129.86,130.03,72943,94.85,1299, 38534, 52.83
PROTEAN, EQ, 14-Jul-2026,599.05,599.0,602.95,586.0,590.85,589.8,593.44,185925,1103.36,8564, 98764, 53.12
PROV, SM, 14-Jul-2026,1635.0,1634.95,1634.95,1634.95,1634.95,1634.95,1634.95,160,2.62,2, 80, 50.00
PROZONER, EQ, 14-Jul-2026,43.98,44.19,44.19,42.1,42.25,42.58,42.95,168392,72.33,1071, 129446, 76.87
PRSMJOHNSN, EQ, 14-Jul-2026,112.57,112.8,112.8,111.0,111.52,111.96,111.81,113183,126.55,3605, 63459, 56.07
PRUDENT, EQ, 14-Jul-2026,3069.7,3076.9,3084.9,2955.0,2980.0,2981.7,2989.32,17484,522.65,5419, 10243, 58.58
PRUDMOULI, BE, 14-Jul-2026,14.85,14.78,15.58,14.16,14.5,14.43,15.02,14094,2.12,45, -, -
PSB, EQ, 14-Jul-2026,25.08,24.98,25.04,24.7,24.87,24.81,24.83,576104,143.03,2392, 297919, 51.71
PSPPROJECT, EQ, 14-Jul-2026,1066.0,1071.2,1108.5,1062.9,1071.5,1069.4,1083.83,153745,1666.33,9467, 61514, 40.01
PSUBANK, EQ, 14-Jul-2026,84.65,86.76,86.76,82.66,83.99,83.36,83.57,458651,383.3,709, 400737, 87.37
PSUBANKADD, EQ, 14-Jul-2026,85.35,85.15,85.17,83.95,84.58,84.27,84.23,32237,27.15,311, 17905, 55.54
PSUBNKBEES, EQ, 14-Jul-2026,94.6,92.23,94.67,92.23,93.0,92.78,93.08,1902767,1771.09,7658, 1121493, 58.94
PSUBNKIETF, EQ, 14-Jul-2026,85.77,85.85,85.85,84.12,85.25,84.52,84.65,249401,211.11,1357, 145252, 58.24
PTC, EQ, 14-Jul-2026,170.76,170.76,174.5,169.5,173.19,173.75,171.87,659531,1133.52,9760, 365159, 55.37
PTCIL, EQ, 14-Jul-2026,17687.0,17501.0,17750.0,17380.0,17432.0,17532.0,17585.53,11795,2074.21,4704, 6539, 55.44
PTL, EQ, 14-Jul-2026,40.13,40.01,40.37,39.53,39.79,39.65,39.83,26646,10.61,600, 20121, 75.51
PULZ, SM, 14-Jul-2026,24.45,23.35,24.0,23.35,24.0,23.9,23.72,6000,1.42,3, 4000, 66.67
PUNJABCHEM, EQ, 14-Jul-2026,1158.9,1159.0,1200.1,1144.9,1163.0,1159.6,1167.16,23849,278.36,2193, 10644, 44.63
PURPLEUTED, ST, 14-Jul-2026,435.0,430.65,432.0,413.25,426.0,426.0,417.2,16500,68.84,63, 15500, 93.94
PURVA, EQ, 14-Jul-2026,248.4,247.9,256.34,232.0,234.59,235.08,244.45,1934985,4730.15,32288, 407935, 21.08
PURVFLEXI, ST, 14-Jul-2026,48.0,49.5,49.9,48.0,48.0,48.0,49.04,6400,3.14,7, 4000, 62.50
PUSHPA, SM, 14-Jul-2026,112.45,114.7,117.0,111.1,111.15,112.65,115.4,64000,73.86,47, 43000, 67.19
PVP, EQ, 14-Jul-2026,29.49,29.47,29.53,28.7,29.02,29.07,29.08,145591,42.33,1419, 73940, 50.79
PVRINOX, EQ, 14-Jul-2026,1020.55,1014.05,1025.0,1003.55,1006.85,1011.45,1012.01,169921,1719.63,15122, 100005, 58.85
PVSL, EQ, 14-Jul-2026,93.95,93.95,94.0,92.16,93.4,93.64,93.32,10386,9.69,418, 6174, 59.45
PVTBANIETF, EQ, 14-Jul-2026,28.44,29.15,29.15,28.1,28.19,28.19,28.2,3393882,956.92,1717, 2530483, 74.56
PVTBANKADD, EQ, 14-Jul-2026,28.6,28.6,28.6,28.2,28.39,28.28,28.33,161721,45.81,232, 113495, 70.18
PVTBKGROWW, EQ, 14-Jul-2026,28.26,27.69,28.38,27.65,27.98,28.1,27.99,14147,3.96,153, 8080, 57.11
PWL, EQ, 14-Jul-2026,142.62,141.0,146.44,140.62,142.49,142.56,144.16,7593287,10946.25,43409, 958457, 12.62
PYRAMID, EQ, 14-Jul-2026,163.53,164.7,165.96,162.25,165.0,164.62,163.88,29540,48.41,1415, 13338, 45.15
QGOLDHALF, EQ, 14-Jul-2026,117.21,116.32,116.7,116.12,116.22,116.21,116.34,80620,93.79,923, 23519, 29.17
QLINE, SM, 14-Jul-2026,543.45,538.0,544.85,536.15,538.2,539.0,540.3,39600,213.96,86, 29600, 74.75
QMSMEDI, EQ, 14-Jul-2026,108.95,107.97,110.0,105.01,108.4,107.89,107.1,12363,13.24,840, 4743, 38.36
QNIFTY, EQ, 14-Jul-2026,266.3,266.0,266.0,264.6,264.8,264.61,264.97,606,1.61,69, 334, 55.12
QPOWER, BE, 14-Jul-2026,1217.4,1215.0,1215.0,1180.0,1191.1,1194.9,1194.27,71367,852.32,3585, -, -
QUADFUTURE, EQ, 14-Jul-2026,435.25,433.7,433.7,420.0,422.0,422.5,425.05,184209,782.99,5467, 69268, 37.60
QUAL30IETF, EQ, 14-Jul-2026,20.87,21.29,21.29,20.6,20.6,20.66,20.72,41989,8.7,238, 25487, 60.70
QUALITY30, EQ, 14-Jul-2026,20.38,20.36,20.42,20.28,20.28,20.28,20.31,7313,1.49,25, 4810, 65.77
QUESS, EQ, 14-Jul-2026,297.75,293.7,301.95,291.2,295.05,292.55,296.71,184530,547.52,5259, 82775, 44.86
QUESTLAB, SM, 14-Jul-2026,91.2,89.1,92.65,89.1,89.15,89.15,90.79,10800,9.81,9, 8400, 77.78
QUICKHEAL, BE, 14-Jul-2026,168.04,167.99,169.9,165.55,169.39,168.35,168.53,43807,73.83,611, -, -
QUICKTOUCH, SM, 14-Jul-2026,23.2,24.3,24.3,24.3,24.3,24.3,24.3,500,0.12,1, 500, 100.00
QUINT, EQ, 14-Jul-2026,39.37,41.99,41.99,39.3,39.5,39.5,39.92,538,0.21,14, 537, 99.81
RACE, EQ, 14-Jul-2026,110.5,112.0,113.95,110.51,112.44,112.44,112.28,4223,4.74,237, 2072, 49.06
RACLGEAR, EQ, 14-Jul-2026,1300.4,1300.4,1348.0,1272.0,1325.0,1328.7,1312.25,21063,276.4,2707, 9533, 45.26
RADAAN, EQ, 14-Jul-2026,2.94,3.0,3.0,2.91,2.91,2.91,2.94,11676,0.34,57, 10361, 88.74
RADHIKAJWE, EQ, 14-Jul-2026,63.36,63.18,70.98,63.0,65.8,66.62,68.06,10593360,7209.6,60261, 708872, 6.69
RADIANTCMS, EQ, 14-Jul-2026,37.83,38.3,38.3,36.8,37.0,37.0,37.35,145169,54.22,1370, 98939, 68.15
RADICO, EQ, 14-Jul-2026,4045.4,4059.9,4123.5,4029.3,4059.0,4051.2,4072.07,367386,14960.23,57818, 171231, 46.61
RADIOCITY, EQ, 14-Jul-2026,6.07,5.95,6.14,5.95,6.07,6.04,6.03,47633,2.87,106, 42205, 88.60
RADIOWALLA, ST, 14-Jul-2026,24.65,24.5,25.85,24.0,25.85,25.85,24.58,155200,38.14,14, 153600, 98.97
RAILTEL, EQ, 14-Jul-2026,309.0,306.0,308.15,303.0,303.5,303.6,304.81,349911,1066.57,10421, 153224, 43.79
RAIN, EQ, 14-Jul-2026,213.41,212.5,213.41,204.16,206.5,205.46,208.06,4648554,9671.62,39552, 1963546, 42.24
RAINBOW, EQ, 14-Jul-2026,1483.4,1483.1,1493.0,1455.1,1486.5,1484.1,1473.21,101392,1493.72,13558, 52798, 52.07
RAJESHEXPO, BZ, 14-Jul-2026,91.66,90.01,92.0,89.0,89.8,90.0,90.16,111248,100.3,1472, -, -
RAJINDLTD, SM, 14-Jul-2026,76.45,78.4,78.4,77.0,78.25,78.25,77.81,7500,5.84,5, 6000, 80.00
RAJMET, EQ, 14-Jul-2026,3.59,3.5,3.59,3.5,3.53,3.54,3.54,264804,9.37,540, 200420, 75.69
RAJOOENG, BE, 14-Jul-2026,50.28,50.9,50.9,49.0,50.25,50.19,50.15,139165,69.79,1096, -, -
RAJPALAYAM, EQ, 14-Jul-2026,822.55,825.0,839.0,821.05,829.95,829.95,830.4,354,2.94,15, 354, 100.00
RAJPUTANA, SM, 14-Jul-2026,194.0,194.05,195.5,193.95,194.0,194.0,194.33,7000,13.6,11, 5000, 71.43
RAJRATAN, EQ, 14-Jul-2026,480.8,481.0,484.7,471.75,478.0,477.15,476.86,54044,257.71,4153, 25717, 47.59
RAJRILTD, BE, 14-Jul-2026,21.96,21.99,21.99,21.56,21.94,21.57,21.67,3821,0.83,53, -, -
RAJSREESUG, EQ, 14-Jul-2026,31.88,31.5,31.8,30.5,30.89,30.97,30.88,51108,15.78,324, 36054, 70.54
RAJTV, EQ, 14-Jul-2026,12.0,11.8,12.04,11.7,11.99,11.74,11.85,30528,3.62,182, 24603, 80.59
RALLIS, EQ, 14-Jul-2026,230.66,230.0,231.66,228.29,231.1,230.82,230.28,342926,789.7,12460, 189253, 55.19
RAMANEWS, EQ, 14-Jul-2026,29.12,29.12,29.8,28.51,28.9,29.23,29.06,3986,1.16,56, 3591, 90.09
RAMAPHO, EQ, 14-Jul-2026,125.71,125.71,126.86,122.35,124.59,123.3,124.49,13858,17.25,425, 8591, 61.99
RAMASTEEL, BE, 14-Jul-2026,4.52,4.57,4.57,4.45,4.51,4.5,4.5,1236929,55.67,2776, -, -
RAMBHAJO, BE, 14-Jul-2026,187.52,190.0,196.89,190.0,196.89,196.89,194.73,493689,961.34,4130, -, -
RAMCOCEM, EQ, 14-Jul-2026,938.2,938.2,939.8,923.0,923.0,928.45,929.6,36574,339.99,3570, 14485, 39.60
RAMCOIND, EQ, 14-Jul-2026,372.0,371.05,375.0,362.5,366.95,365.45,367.44,200101,735.25,4904, 94550, 47.25
RAMCOSYS, EQ, 14-Jul-2026,886.15,890.0,905.0,802.8,826.9,816.65,849.26,1892166,16069.43,48995, 291137, 15.39
RAMKY, EQ, 14-Jul-2026,403.8,407.95,413.45,397.85,400.0,399.2,405.04,71592,289.98,1954, 39168, 54.71
RAMRAT, EQ, 14-Jul-2026,423.95,424.0,430.0,416.95,420.0,419.2,422.43,96757,408.73,4076, 56109, 57.99
RANASUG, EQ, 14-Jul-2026,12.1,12.03,12.16,11.88,12.02,11.97,12.01,93281,11.2,432, 62774, 67.30
RANEHOLDIN, EQ, 14-Jul-2026,1760.0,1750.0,1766.2,1721.1,1745.4,1753.5,1743.17,9847,171.65,1587, 5369, 54.52
RAPPID, SM, 14-Jul-2026,307.35,307.35,320.0,303.0,320.0,317.35,313.93,27600,86.64,38, 19200, 69.57
RATEGAIN, EQ, 14-Jul-2026,946.7,946.7,958.0,933.0,953.45,952.25,951.1,365388,3475.21,14462, 213798, 58.51
RATNAMANI, EQ, 14-Jul-2026,2656.8,2674.0,2674.0,2572.0,2625.0,2586.7,2609.35,14918,389.26,5022, 8498, 56.96
RATNAVEER, EQ, 14-Jul-2026,179.73,176.5,179.49,174.25,174.8,175.99,176.26,979515,1726.47,5799, 440906, 45.01
RAYMOND, EQ, 14-Jul-2026,625.5,625.45,646.0,613.55,616.5,619.1,629.92,740270,4663.11,15169, 298962, 40.39
RAYMONDLSL, EQ, 14-Jul-2026,742.35,742.9,748.75,723.7,732.0,732.0,731.2,112806,824.83,6023, 62865, 55.73
RAYMONDREL, EQ, 14-Jul-2026,722.75,722.0,726.0,700.0,707.0,704.05,710.99,515287,3663.64,11904, 241921, 46.95
RBA, EQ, 14-Jul-2026,72.57,72.5,72.5,70.2,70.47,70.63,71.03,2832739,2012.08,12297, 1599360, 56.46
RBLBANK, EQ, 14-Jul-2026,380.6,379.4,381.05,374.6,376.95,377.95,378.18,6595796,24944.28,43343, 3575777, 54.21
RBMINFRA, SM, 14-Jul-2026,269.85,273.5,273.7,265.0,268.85,266.75,267.74,15600,41.77,70, 13000, 83.33
RBS, ST, 14-Jul-2026,77.5,77.6,77.6,77.6,77.6,77.6,77.6,800,0.62,1, 800, 100.00
RBZJEWEL, EQ, 14-Jul-2026,155.5,154.9,165.44,152.79,154.2,153.8,160.46,595961,956.27,12015, 205076, 34.41
RCDL, SM, 14-Jul-2026,25.1,25.1,25.1,25.1,25.1,25.1,25.1,3000,0.75,1, 3000, 100.00
RCF, EQ, 14-Jul-2026,130.82,130.0,130.3,128.12,128.3,128.47,129.0,800475,1032.64,9877, 378341, 47.26
RCOM, BE, 14-Jul-2026,0.87,0.88,0.88,0.85,0.87,0.86,0.86,3474739,29.93,1580, -, -
READYMIX, SM, 14-Jul-2026,104.45,107.9,118.0,102.0,103.9,103.9,107.16,16000,17.15,15, 6000, 37.50
RECLTD, EQ, 14-Jul-2026,351.05,348.0,353.6,346.85,352.95,352.45,349.51,3710161,12967.52,40887, 2033861, 54.82
REDINGTON, EQ, 14-Jul-2026,283.3,282.05,283.9,278.45,280.85,282.7,281.6,2533665,7134.91,29440, 1522778, 60.10
REDTAPE, EQ, 14-Jul-2026,136.46,136.46,136.87,133.15,133.9,133.57,134.15,190484,255.53,4739, 99385, 52.17
REFEX, EQ, 14-Jul-2026,338.45,337.0,340.0,332.0,336.0,335.75,335.1,424810,1423.55,6627, 169221, 39.83
REFRACTORY, SM, 14-Jul-2026,26.05,25.55,26.05,25.25,26.05,26.05,25.75,27000,6.95,12, 27000, 100.00
REGAAL, BE, 14-Jul-2026,81.33,81.7,83.5,80.02,81.0,80.89,81.2,42414,34.44,307, -, -
REGENCERAM, EQ, 14-Jul-2026,39.29,40.7,40.7,39.01,40.0,40.0,39.98,169,0.07,14, 144, 85.21
RELAXO, EQ, 14-Jul-2026,398.85,400.0,400.0,387.2,387.5,389.15,392.01,149132,584.6,6818, 53329, 35.76
RELCHEMQ, EQ, 14-Jul-2026,130.71,130.71,134.43,128.01,130.88,130.74,130.3,2880,3.75,100, 1760, 61.11
RELIABLE, EQ, 14-Jul-2026,144.42,149.0,149.0,142.64,146.99,145.78,144.69,59610,86.25,623, 28719, 48.18
RELIANCE, EQ, 14-Jul-2026,1296.9,1290.0,1308.0,1286.9,1295.0,1293.0,1296.78,13511284,175212.2,231407, 4897495, 36.25
RELIGARE, EQ, 14-Jul-2026,268.15,268.15,269.9,262.0,263.3,262.25,265.69,535462,1422.69,6998, 359952, 67.22
RELTD, EQ, 14-Jul-2026,174.71,174.0,175.01,170.68,174.16,173.6,172.98,290839,503.1,4453, 143560, 49.36
REMSONSIND, EQ, 14-Jul-2026,78.54,77.53,79.83,75.75,75.9,76.15,76.99,174488,134.34,2524, 117044, 67.08
REMUS, SM, 14-Jul-2026,730.1,725.0,729.95,710.5,710.65,717.9,720.16,4900,35.29,49, 4100, 83.67
RENUKA, EQ, 14-Jul-2026,23.07,22.96,23.25,22.61,22.66,22.72,22.87,2889180,660.65,6005, 1200407, 41.55
REPCOHOME, EQ, 14-Jul-2026,419.7,421.7,421.7,405.0,410.0,409.85,409.78,138986,569.53,5529, 99488, 71.58
REPL, BE, 14-Jul-2026,66.46,66.8,66.8,63.66,66.0,66.0,65.65,1193,0.78,23, -, -
REPRO, EQ, 14-Jul-2026,369.7,369.95,375.95,363.1,364.05,366.35,370.29,9465,35.05,464, 4580, 48.39
RESPONIND, EQ, 14-Jul-2026,188.1,187.35,187.35,182.7,185.99,183.39,184.69,47104,87.0,987, 26895, 57.10
RETAIL, EQ, 14-Jul-2026,17.57,17.62,17.97,17.48,17.75,17.83,17.65,3962,0.7,42, 3715, 93.77
RFBL, ST, 14-Jul-2026,89.45,85.0,85.0,85.0,85.0,85.0,85.0,3000,2.55,1, 3000, 100.00
RGL, EQ, 14-Jul-2026,119.43,118.83,120.96,117.8,119.3,118.97,118.89,178785,212.55,1872, 100440, 56.18
RHETAN, EQ, 14-Jul-2026,26.58,26.98,27.4,26.5,27.12,27.13,26.87,14709917,3951.84,14057, 1432634, 9.74
RHFL, BZ, 14-Jul-2026,2.01,1.99,2.05,1.92,2.0,2.01,1.99,680775,13.58,759, -, -
RHIM, EQ, 14-Jul-2026,413.2,412.8,415.1,401.5,404.0,403.75,407.67,858588,3500.24,18392, 358635, 41.77
RHL, EQ, 14-Jul-2026,173.91,176.0,176.0,173.05,174.99,174.98,175.03,13654,23.9,48, 13522, 99.03
RICHA, ST, 14-Jul-2026,93.0,94.0,94.5,93.0,93.0,93.0,93.28,9000,8.4,6, 9000, 100.00
RICOAUTO, EQ, 14-Jul-2026,131.46,131.46,131.46,126.05,126.48,126.72,127.71,1129364,1442.27,9193, 529394, 46.88
RIIL, EQ, 14-Jul-2026,795.2,792.8,794.6,778.0,784.0,782.2,786.24,64083,503.84,3171, 30695, 47.90
RIIT, IV, 14-Jul-2026,116.53,117.14,117.14,116.2,116.46,116.48,116.45,94082,109.56,3236, 81984, 87.14
RILINFRA, SM, 14-Jul-2026,39.5,39.55,39.65,38.75,38.75,38.8,39.16,7800,3.05,41, 5600, 71.79
RISHABH, EQ, 14-Jul-2026,659.9,662.1,670.0,648.15,657.85,653.15,658.19,99825,657.04,4847, 57842, 57.94
RITCO, EQ, 14-Jul-2026,263.6,264.05,279.0,260.25,264.5,265.45,268.46,231180,620.63,3897, 58796, 25.43
RITES, EQ, 14-Jul-2026,226.65,226.0,226.0,221.0,221.1,222.15,222.87,694207,1547.18,12775, 230207, 33.16
RKDL, EQ, 14-Jul-2026,18.67,18.67,19.44,18.67,18.99,18.86,18.95,3580,0.68,80, 3076, 85.92
RKEC, EQ, 14-Jul-2026,27.61,27.98,28.27,26.26,27.89,27.0,27.6,7951,2.19,112, 6705, 84.33
RKFORGE, EQ, 14-Jul-2026,565.5,562.0,563.0,550.05,553.5,553.85,555.9,251775,1399.61,9198, 149280, 59.29
RKSWAMY, EQ, 14-Jul-2026,101.58,101.5,105.6,101.5,102.0,102.19,102.69,28266,29.03,636, 20493, 72.50
RMC, EQ, 14-Jul-2026,294.5,294.55,297.1,288.7,291.8,291.4,293.11,21270,62.34,784, 11852, 55.72
RMDRIP, EQ, 14-Jul-2026,18.87,18.84,19.81,18.57,19.81,19.78,19.21,2152813,413.45,3486, 608545, 28.27
RML, EQ, 14-Jul-2026,1254.3,1257.4,1267.4,1227.1,1239.9,1238.9,1244.46,23797,296.14,3034, 13352, 56.11
RNBDENIMS, EQ, 14-Jul-2026,9.97,9.98,10.1,9.85,9.94,9.9,9.96,202544,20.18,572, 120374, 59.43
RNFI, SM, 14-Jul-2026,248.5,249.35,251.25,247.0,250.7,250.7,249.44,6000,14.97,10, 5400, 90.00
RNPL, SM, 14-Jul-2026,83.9,85.45,85.45,85.45,85.45,85.45,85.45,2400,2.05,2, 2400, 100.00
ROCKINGDCE, SM, 14-Jul-2026,180.0,180.0,180.0,174.0,179.8,179.8,177.35,3000,5.32,7, 2750, 91.67
ROCKPP, E1, 14-Jul-2026,52.0,59.95,60.0,59.95,60.0,60.0,59.98,2000,1.2,2, 2000, 100.00
ROHLTD, EQ, 14-Jul-2026,325.3,324.9,327.25,318.4,321.5,321.85,322.06,16022,51.6,726, 8942, 55.81
ROLEXRINGS, EQ, 14-Jul-2026,143.96,143.8,147.44,142.09,147.15,146.63,146.21,981432,1434.95,8915, 387674, 39.50
ROLLT, BE, 14-Jul-2026,2.22,2.11,2.33,2.11,2.33,2.33,2.28,575749,13.13,236, -, -
ROML, EQ, 14-Jul-2026,44.94,44.94,44.94,44.5,44.9,44.9,44.83,278,0.12,17, 270, 97.12
ROSSARI, EQ, 14-Jul-2026,528.5,530.0,542.0,523.15,530.0,527.45,533.58,99837,532.71,3919, 48697, 48.78
ROSSELLIND, EQ, 14-Jul-2026,56.84,57.99,58.0,55.3,57.9,57.76,56.93,13316,7.58,313, 8404, 63.11
ROSSTECH, EQ, 14-Jul-2026,1025.25,1025.3,1049.3,1015.0,1032.0,1036.6,1034.73,129356,1338.49,8808, 59106, 45.69
ROTO, EQ, 14-Jul-2026,68.32,68.65,68.75,66.96,67.35,67.56,67.41,546108,368.14,3612, 169539, 31.04
ROUTE, EQ, 14-Jul-2026,582.85,589.0,597.65,564.1,567.85,569.4,584.93,1024850,5994.67,26647, 307582, 30.01
ROXHITECH, ST, 14-Jul-2026,37.55,37.55,37.55,35.7,35.7,35.7,36.42,16000,5.83,10, 16000, 100.00
ROYALARC, SM, 14-Jul-2026,147.0,147.0,147.0,147.0,147.0,147.0,147.0,1200,1.76,1, 1200, 100.00
RPEL, EQ, 14-Jul-2026,1316.4,1326.4,1326.4,1255.0,1260.0,1263.3,1279.46,64523,825.55,6467, 39384, 61.04
RPGLIFE, EQ, 14-Jul-2026,2822.9,2805.0,2861.9,2735.0,2740.0,2740.2,2772.64,20009,554.78,3508, 8531, 42.64
RPOWER, EQ, 14-Jul-2026,24.98,24.77,25.07,24.45,24.53,24.52,24.63,20841983,5134.29,33629, 8039476, 38.57
RPPINFRA, EQ, 14-Jul-2026,66.37,66.0,67.0,64.49,64.82,64.72,65.5,20366,13.34,483, 14119, 69.33
RPPL, EQ, 14-Jul-2026,22.57,22.45,22.77,21.61,22.3,21.88,22.18,126973,28.17,1432, 28725, 22.62
RPSGVENT, EQ, 14-Jul-2026,907.0,907.0,909.7,885.0,897.0,896.35,894.22,12768,114.17,715, 7352, 57.58
RPTECH, EQ, 14-Jul-2026,778.35,775.0,794.45,758.15,778.0,777.7,778.52,394579,3071.86,22133, 156217, 39.59
RRIL, EQ, 14-Jul-2026,17.68,17.9,17.9,17.15,17.3,17.56,17.48,4013,0.7,62, 2084, 51.93
RRKABEL, EQ, 14-Jul-2026,2374.8,2378.0,2382.7,2318.0,2330.0,2345.3,2348.35,419751,9857.21,27838, 177760, 42.35
RSDFIN, EQ, 14-Jul-2026,80.0,80.0,80.0,80.0,80.0,80.0,80.0,3,0.0,1, 3, 100.00
RSL, EQ, 14-Jul-2026,128.82,128.75,132.0,128.05,129.0,128.8,128.77,47665,61.38,716, 29715, 62.34
RSSOFTWARE, BE, 14-Jul-2026,34.36,34.53,34.53,34.0,34.0,34.0,34.26,2801,0.96,24, -, -
RSWM, BE, 14-Jul-2026,201.7,200.05,211.78,200.05,206.0,206.68,209.32,149743,313.45,1024, -, -
RSYSTEMS, EQ, 14-Jul-2026,250.28,250.9,256.0,248.21,252.7,252.96,251.73,745297,1876.13,14588, 387852, 52.04
RTL, SM, 14-Jul-2026,83.55,84.6,86.65,84.6,85.0,85.0,85.58,14000,11.98,7, 12000, 85.71
RTNINDIA, EQ, 14-Jul-2026,33.42,33.42,33.64,32.45,32.57,32.59,32.87,1161046,381.64,5781, 640108, 55.13
RTNPOWER, EQ, 14-Jul-2026,9.02,9.04,9.05,8.86,8.88,8.88,8.91,7759970,691.66,8748, 3374467, 43.49
RUBFILA, EQ, 14-Jul-2026,74.16,75.85,75.85,73.0,73.0,73.16,73.86,12963,9.57,366, 8221, 63.42
RUBICON, EQ, 14-Jul-2026,1438.2,1443.0,1527.0,1434.8,1491.0,1491.3,1498.06,615599,9222.04,32651, 211170, 34.30
RUBYMILLS, BE, 14-Jul-2026,381.1,384.0,387.0,365.2,382.0,382.95,379.44,43847,166.37,354, -, -
RUCHINFRA, EQ, 14-Jul-2026,5.79,5.84,6.0,5.7,5.8,5.79,5.84,30740,1.79,185, 21056, 68.50
RUCHIRA, EQ, 14-Jul-2026,104.93,104.87,104.98,102.63,104.25,103.71,103.98,23962,24.92,526, 14493, 60.48
RUDRA, BE, 14-Jul-2026,17.35,17.35,17.36,17.07,17.17,17.21,17.2,14792,2.54,51, -, -
RULKA, SM, 14-Jul-2026,117.9,116.0,116.0,115.1,115.15,115.15,115.58,1800,2.08,6, 1800, 100.00
RUPA, EQ, 14-Jul-2026,172.02,170.11,171.0,167.77,168.2,169.13,169.18,95836,162.14,1905, 55487, 57.90
RUSHIL, EQ, 14-Jul-2026,15.8,15.83,15.96,15.25,15.28,15.39,15.54,263616,40.96,1176, 163405, 61.99
RUSTOMJEE, EQ, 14-Jul-2026,419.3,420.35,422.4,414.0,417.0,419.35,418.55,23723,99.29,1515, 10503, 44.27
RVHL, EQ, 14-Jul-2026,44.81,44.89,50.02,44.72,46.0,45.79,47.05,31041,14.61,497, 18797, 60.56
RVNL, EQ, 14-Jul-2026,231.54,229.4,230.21,226.11,227.14,227.31,227.87,3628384,8268.12,34280, 1434740, 39.54
RVTH, EQ, 14-Jul-2026,714.8,714.8,715.0,704.0,704.3,707.75,708.52,182,1.29,16, 132, 72.53
S&SPOWER, EQ, 14-Jul-2026,361.0,358.0,372.4,346.0,362.0,365.0,357.56,1056,3.78,90, 731, 69.22
SAAKSHI, ST, 14-Jul-2026,302.4,290.1,293.4,290.0,293.4,293.4,290.86,4800,13.96,7, 4800, 100.00
SAATVIKGL, EQ, 14-Jul-2026,449.25,450.0,483.3,445.55,466.9,465.9,472.45,834895,3944.48,25764, 231048, 27.67
SABAR, SM, 14-Jul-2026,4.35,4.15,4.15,4.15,4.15,4.15,4.15,45000,1.87,8, 40000, 88.89
SABEVENTS, EQ, 14-Jul-2026,8.74,8.74,8.74,8.31,8.31,8.31,8.31,4690,0.39,16, 4690, 100.00
SACHEEROME, SM, 14-Jul-2026,415.75,423.35,440.0,420.85,433.0,432.45,434.71,29100,126.5,90, 19500, 67.01
SADBHAV, EQ, 14-Jul-2026,8.4,8.89,8.89,8.27,8.31,8.33,8.49,209369,17.79,437, 132094, 63.09
SADBHIN, BE, 14-Jul-2026,2.65,2.62,2.78,2.61,2.69,2.68,2.67,83831,2.24,107, -, -
SADHAV, SM, 14-Jul-2026,114.85,113.5,118.0,113.0,118.0,117.6,117.28,63000,73.88,25, 58200, 92.38
SADHNANIQ, BE, 14-Jul-2026,2.69,2.64,2.64,2.64,2.64,2.64,2.64,530335,14.0,245, -, -
SAFARI, EQ, 14-Jul-2026,1683.5,1667.8,1685.1,1645.1,1665.0,1665.8,1663.97,19631,326.65,3279, 11714, 59.67
SAFEENTP, SM, 14-Jul-2026,277.25,276.9,276.9,270.0,270.0,270.6,271.95,24000,65.27,35, 17000, 70.83
SAGARDEEP, EQ, 14-Jul-2026,24.03,24.9,24.9,23.65,23.77,23.77,23.87,2733,0.65,50, 2619, 95.83
SAGCEM, EQ, 14-Jul-2026,178.73,178.91,178.91,175.56,175.56,175.75,176.49,19555,34.51,603, 12008, 61.41
SAGILITY, EQ, 14-Jul-2026,42.03,41.8,42.38,41.34,41.85,41.79,41.86,13973679,5848.74,28903, 6171918, 44.17
SAHAJSOLAR, SM, 14-Jul-2026,122.2,123.0,124.5,121.35,121.35,121.35,123.68,4800,5.94,12, 4000, 83.33
SAHANA, SM, 14-Jul-2026,928.6,948.0,964.0,930.0,930.0,932.9,949.27,52625,499.55,227, 35875, 68.17
SAHASRA, ST, 14-Jul-2026,296.0,301.9,301.9,301.9,301.9,301.9,301.9,43200,130.42,48, 42800, 99.07
SAHLIBHFI, EQ, 14-Jul-2026,78.0,78.39,81.05,77.5,77.6,77.77,78.97,18565,14.66,163, 10639, 57.31
SAHYADRI, EQ, 14-Jul-2026,278.65,296.0,296.0,279.1,281.8,283.05,286.84,4016,11.52,236, 2500, 62.25
SAIFL, SM, 14-Jul-2026,5.05,5.05,5.15,5.05,5.1,5.1,5.1,96000,4.9,19, 88000, 91.67
SAIL, EQ, 14-Jul-2026,167.01,166.08,168.75,165.55,166.49,166.45,166.81,11647636,19428.98,50132, 4685595, 40.23
SAILIFE, EQ, 14-Jul-2026,1272.1,1268.0,1292.0,1259.6,1276.0,1268.8,1276.31,400032,5105.67,29030, 192389, 48.09
SAIPARENT, EQ, 14-Jul-2026,586.15,582.0,587.0,576.3,585.0,583.35,580.96,79187,460.04,4593, 40601, 51.27
SAJHOTELS, SM, 14-Jul-2026,27.25,27.25,32.7,27.25,32.7,32.6,30.64,130000,39.83,51, 124000, 95.38
SAKAR, EQ, 14-Jul-2026,863.5,874.95,944.4,857.25,919.9,904.45,907.63,798161,7244.32,34006, 220398, 27.61
SAKHTISUG, EQ, 14-Jul-2026,16.67,16.79,17.49,16.6,17.19,17.18,17.02,124781,21.24,646, 76255, 61.11
SAKSOFT, EQ, 14-Jul-2026,185.02,184.38,184.8,177.06,179.5,178.58,180.18,1847978,3329.6,15811, 476575, 25.79
SAKUMA, BE, 14-Jul-2026,1.77,1.77,1.82,1.77,1.82,1.8,1.8,626771,11.28,664, -, -
SALASAR, EQ, 14-Jul-2026,6.14,6.17,6.17,6.06,6.06,6.07,6.1,2042767,124.52,2204, 1133151, 55.47
SALONA, EQ, 14-Jul-2026,255.4,253.0,259.9,251.05,255.0,255.0,254.75,69,0.18,10, 64, 92.75
SALSTEEL, BE, 14-Jul-2026,57.07,57.7,57.9,55.1,56.0,56.43,56.22,56840,31.96,385, -, -
SALZERELEC, EQ, 14-Jul-2026,614.8,611.7,615.75,597.95,598.0,600.2,604.26,32144,194.23,1696, 20585, 64.04
SAMBHAAV, EQ, 14-Jul-2026,6.37,6.49,6.49,6.2,6.2,6.2,6.38,55154,3.52,104, 45765, 82.98
SAMBHV, EQ, 14-Jul-2026,120.92,121.0,123.03,118.5,122.5,122.21,120.71,1665668,2010.56,8683, 904248, 54.29
SAMHI, EQ, 14-Jul-2026,178.06,177.0,177.0,172.2,174.77,175.63,174.75,639314,1117.21,10380, 259079, 40.52
SAMMAANCAP, EQ, 14-Jul-2026,164.91,163.65,163.94,159.89,160.39,160.49,161.56,6269658,10129.33,25426, 3464717, 55.26
SAMPANN, EQ, 14-Jul-2026,28.36,27.65,28.68,27.65,27.65,27.68,27.81,12594,3.5,281, 9797, 77.79
SANATHAN, EQ, 14-Jul-2026,443.75,444.7,444.7,436.5,440.0,440.0,439.42,10271,45.13,626, 7705, 75.02
SANDESH, EQ, 14-Jul-2026,994.5,975.4,1003.0,975.4,985.1,987.95,992.35,273,2.71,54, 192, 70.33
SANDHAR, EQ, 14-Jul-2026,667.1,665.8,665.8,617.0,620.0,620.0,631.68,461826,2917.26,17635, 239828, 51.93
SANDUMA, EQ, 14-Jul-2026,203.25,202.0,205.0,198.84,199.7,199.38,201.19,556380,1119.36,9292, 284069, 51.06
SANGAMIND, EQ, 14-Jul-2026,622.55,630.0,650.0,617.7,624.9,624.95,634.46,602757,3824.23,22523, 164244, 27.25
SANGANI, SM, 14-Jul-2026,45.0,44.5,45.0,44.5,45.0,45.0,44.51,64500,28.71,7, 64500, 100.00
SANGHVIMOV, EQ, 14-Jul-2026,436.7,437.9,441.2,424.0,432.45,430.8,431.79,417728,1803.72,11598, 192687, 46.13
SANGINITA, BE, 14-Jul-2026,51.61,52.63,52.64,52.63,52.64,52.64,52.63,206537,108.71,228, -, -
SANOFI, EQ, 14-Jul-2026,3343.7,3343.0,3375.8,3340.0,3370.0,3362.2,3360.97,13364,449.16,4883, 8475, 63.42
SANOFICONR, EQ, 14-Jul-2026,4588.0,4577.0,4598.8,4550.0,4551.3,4558.8,4563.06,1190,54.3,459, 701, 58.91
SANSERA, EQ, 14-Jul-2026,3281.2,3265.0,3276.9,3193.2,3249.9,3238.6,3231.17,131804,4258.81,14976, 64089, 48.62
SANSTAR, EQ, 14-Jul-2026,113.52,113.33,113.33,111.0,111.3,111.44,111.8,173497,193.98,2598, 91484, 52.73
SANWARIA, BZ, 14-Jul-2026,0.19,0.19,0.2,0.19,0.2,0.19,0.2,358241,0.7,134, -, -
SAPPHIRE, EQ, 14-Jul-2026,186.97,184.2,186.8,180.1,181.5,181.9,182.19,548413,999.16,10787, 289381, 52.77
SAPPL, EQ, 14-Jul-2026,301.95,311.0,311.0,300.0,300.0,300.35,303.83,425,1.29,25, 314, 73.88
SARDAEN, EQ, 14-Jul-2026,500.05,503.15,504.95,490.9,493.0,492.55,496.68,207579,1031.0,12057, 87500, 42.15
SAREGAMA, EQ, 14-Jul-2026,498.5,498.95,499.7,481.65,483.45,483.5,488.81,451661,2207.77,15002, 168840, 37.38
SARLAPOLY, EQ, 14-Jul-2026,105.95,105.75,105.75,102.0,102.65,102.56,103.98,29021,30.18,510, 21031, 72.47
SAROJA, SM, 14-Jul-2026,31.35,29.95,29.95,29.95,29.95,29.95,29.95,6400,1.92,4, 6400, 100.00
SARTELE, SM, 14-Jul-2026,128.95,129.9,131.0,122.5,125.0,123.45,125.93,94500,119.0,172, 63000, 66.67
SARVESHWAR, BE, 14-Jul-2026,3.6,3.55,3.61,3.55,3.6,3.57,3.58,593475,21.24,910, -, -
SASKEN, EQ, 14-Jul-2026,2076.0,2093.5,2109.9,2013.6,2045.0,2024.1,2045.44,14821,303.15,1925, 7724, 52.12
SATECH, SM, 14-Jul-2026,35.5,35.0,35.3,34.6,34.6,34.6,34.89,4000,1.4,4, 4000, 100.00
SATIA, EQ, 14-Jul-2026,55.39,54.63,55.5,54.0,55.38,54.92,54.64,39056,21.34,812, 23918, 61.24
SATIN, EQ, 14-Jul-2026,267.19,268.5,270.5,261.2,263.89,264.66,266.32,788816,2100.77,13462, 349375, 44.29
SATKARTAR, ST, 14-Jul-2026,135.0,133.0,134.95,131.5,132.5,132.5,132.55,178400,236.48,19, 176000, 98.65
SATTVAENGG, SM, 14-Jul-2026,76.5,76.3,76.3,75.0,75.0,75.0,75.38,11200,8.44,7, 8000, 71.43
SAURASHCEM, EQ, 14-Jul-2026,54.43,54.86,55.3,53.46,53.5,53.75,54.45,128696,70.07,1088, 93524, 72.67
SAWALIYA, SM, 14-Jul-2026,300.6,302.0,302.0,297.0,297.0,298.15,299.3,13800,41.3,13, 12600, 91.30
SAYAJIHOTL, EQ, 14-Jul-2026,310.0,312.0,312.0,310.0,310.0,310.0,310.18,11,0.03,3, 11, 100.00
SBC, EQ, 14-Jul-2026,42.17,42.28,42.53,42.24,42.3,42.29,42.38,9102396,3857.93,4425, 3584378, 39.38
SBCL, EQ, 14-Jul-2026,732.75,730.0,746.55,710.55,740.0,739.35,733.34,285825,2096.06,15777, 137722, 48.18
SBFC, EQ, 14-Jul-2026,92.9,92.0,92.53,91.15,92.1,92.11,91.9,839747,771.72,7326, 429538, 51.15
SBGLP, EQ, 14-Jul-2026,25.2,25.2,25.39,24.4,25.29,24.87,24.92,5678,1.41,146, 4162, 73.30
SBIBPB, EQ, 14-Jul-2026,48.99,49.2,49.2,48.0,48.64,48.25,48.28,66043,31.88,633, 35967, 54.46
SBICARD, EQ, 14-Jul-2026,618.7,616.0,641.8,612.65,640.95,638.85,631.02,7092271,44753.91,88702, 3589791, 50.62
SBIETFCON, EQ, 14-Jul-2026,120.13,120.92,120.92,119.46,119.7,119.59,119.84,2549,3.05,75, 1875, 73.56
SBIETFIT, EQ, 14-Jul-2026,321.32,322.92,324.55,317.1,317.1,317.93,320.34,22198,71.11,305, 14964, 67.41
SBIETFPB, EQ, 14-Jul-2026,287.84,289.9,292.0,283.37,292.0,285.29,285.29,1966,5.61,90, 1133, 57.63
SBIETFQLTY, EQ, 14-Jul-2026,219.32,217.12,219.26,217.12,219.2,218.86,218.01,1130,2.46,43, 1124, 99.47
SBILIFE, EQ, 14-Jul-2026,1855.9,1842.0,1852.6,1829.6,1830.0,1840.3,1839.0,1035413,19041.22,58332, 641268, 61.93
SBILIQETF, EQ, 14-Jul-2026,1047.21,1047.35,1047.37,1047.35,1047.37,1047.36,1047.36,25904,271.31,59, 17736, 68.47
SBIMIDMOM, EQ, 14-Jul-2026,62.97,62.7,63.29,62.49,62.6,62.85,62.74,23363,14.66,144, 20552, 87.97
SBIN, EQ, 14-Jul-2026,1037.0,1033.3,1033.7,1011.4,1012.7,1015.4,1019.22,11562326,117845.51,203315, 5845603, 50.56
SBINEQWETF, EQ, 14-Jul-2026,33.31,33.48,33.61,32.87,33.61,32.96,33.06,33766,11.16,253, 19965, 59.13
SBINMID150, EQ, 14-Jul-2026,23.26,23.37,23.37,22.98,23.13,23.13,23.13,12542,2.9,113, 10361, 82.61
SBISILVER, EQ, 14-Jul-2026,212.71,210.02,214.05,210.02,212.95,213.03,212.84,731891,1557.73,5565, 308399, 42.14
SBISMLETF, EQ, 14-Jul-2026,18.24,18.33,18.39,17.94,18.0,18.02,18.05,34433,6.21,222, 26967, 78.32
SBIVALETF, EQ, 14-Jul-2026,14.89,14.93,14.93,14.78,14.83,14.82,14.86,7110,1.06,74, 6873, 96.67
SCANSTL, EQ, 14-Jul-2026,50.02,50.84,51.99,48.41,48.8,48.79,50.46,344792,173.97,2492, 190424, 55.23
SCHAEFFLER, EQ, 14-Jul-2026,4134.7,4136.6,4176.0,4099.3,4150.0,4139.2,4137.41,23951,990.95,6737, 12422, 51.86
SCHAND, EQ, 14-Jul-2026,152.11,152.49,152.49,148.25,149.0,149.79,149.82,12424,18.61,429, 6223, 50.09
SCHNEIDER, EQ, 14-Jul-2026,1378.3,1380.0,1384.9,1333.0,1336.0,1335.9,1350.66,273978,3700.52,24672, 148551, 54.22
SCI, EQ, 14-Jul-2026,286.2,285.0,289.35,282.5,283.65,285.2,285.74,1991879,5691.59,23269, 487869, 24.49
SCILAL, EQ, 14-Jul-2026,43.37,43.2,43.3,42.45,42.73,42.63,42.85,189238,81.09,1197, 100529, 53.12
SCML, SM, 14-Jul-2026,77.15,79.0,79.0,78.0,78.0,78.0,78.75,10000,7.88,8, 10000, 100.00
SCODATUBES, EQ, 14-Jul-2026,154.51,154.51,154.51,151.21,153.4,153.43,152.8,108559,165.88,1619, 76362, 70.34
SCPL, EQ, 14-Jul-2026,495.6,497.9,499.9,479.05,480.1,483.45,484.6,31103,150.73,1062, 20632, 66.33
SDBL, EQ, 14-Jul-2026,67.26,67.4,67.75,66.1,66.99,66.76,66.88,449733,300.79,4340, 204771, 45.53
SDREAMS, SM, 14-Jul-2026,90.25,91.0,91.0,91.0,91.0,91.0,91.0,2000,1.82,2, 2000, 100.00
SEAMECLTD, EQ, 14-Jul-2026,1441.2,1423.3,1440.5,1418.0,1421.0,1426.9,1429.08,16741,239.24,2272, 10078, 60.20
SECMARK, EQ, 14-Jul-2026,124.13,129.8,129.8,121.2,127.95,127.74,125.09,1848,2.31,39, 1514, 81.93
SECURKLOUD, EQ, 14-Jul-2026,18.88,18.7,18.89,18.19,18.6,18.59,18.47,14626,2.7,102, 11846, 80.99
SEDEMAC, EQ, 14-Jul-2026,2719.6,2699.0,2752.0,2689.1,2702.1,2717.2,2730.7,39211,1070.74,6310, 19487, 49.70
SEIL, EQ, 14-Jul-2026,213.56,213.66,215.46,204.02,205.5,205.21,208.35,428409,892.61,3708, 290953, 67.91
SEJALLTD, BE, 14-Jul-2026,745.75,774.95,774.95,708.5,725.9,712.65,719.34,13998,100.69,319, -, -
SEL, ST, 14-Jul-2026,229.0,229.0,240.45,229.0,240.45,240.3,238.97,10000,23.9,31, 9800, 98.00
SELECTIPO, EQ, 14-Jul-2026,47.0,47.14,47.14,46.42,46.53,46.47,46.56,83712,38.97,136, 53162, 63.51
SELLOWRAP, SM, 14-Jul-2026,71.0,68.0,68.0,67.0,67.0,67.0,67.5,19200,12.96,12, 17600, 91.67
SELMC, EQ, 14-Jul-2026,29.02,29.16,30.0,28.49,28.8,28.86,29.01,3162,0.92,85, 2251, 71.19
SEMAC, BE, 14-Jul-2026,328.85,329.0,334.15,320.0,332.3,332.3,327.16,104,0.34,17, -, -
SENCO, EQ, 14-Jul-2026,381.0,383.1,390.4,374.5,376.1,377.85,383.07,2601503,9965.47,43951, 780389, 30.00
SENORES, EQ, 14-Jul-2026,1435.5,1420.0,1460.4,1420.0,1460.0,1451.8,1446.31,219895,3180.37,15742, 94471, 42.96
SENSEXADD, EQ, 14-Jul-2026,79.9,79.77,79.77,79.24,79.36,79.37,79.28,629,0.5,16, 599, 95.23
SENSEXAXIS, EQ, 14-Jul-2026,80.53,80.13,81.08,79.58,80.0,79.95,80.08,629,0.5,41, 545, 86.65
SENSEXBETA, EQ, 14-Jul-2026,858.67,859.9,859.9,842.11,854.0,851.46,853.0,1100,9.38,183, 628, 57.09
SENSEXETF, EQ, 14-Jul-2026,79.85,79.55,79.81,79.3,79.4,79.46,79.48,22423,17.82,294, 4164, 18.57
SENSEXIETF, EQ, 14-Jul-2026,889.94,882.15,889.42,882.15,884.05,884.71,885.92,6769,59.97,429, 4649, 68.68
SEPC, EQ, 14-Jul-2026,6.49,6.5,6.51,6.31,6.34,6.33,6.36,15735066,1000.65,14928, 7099836, 45.12
SERVICE, SM, 14-Jul-2026,57.5,57.0,57.1,56.0,56.0,56.0,56.85,12000,6.82,6, 4000, 33.33
SERVOTECH, EQ, 14-Jul-2026,97.25,96.9,97.0,95.34,95.8,95.58,95.94,453231,434.82,4634, 194195, 42.85
SESHAPAPER, EQ, 14-Jul-2026,220.85,221.63,224.09,215.05,216.3,216.23,217.73,70516,153.53,1678, 53764, 76.24
SETCO, BE, 14-Jul-2026,18.7,17.77,19.3,17.77,18.3,18.62,18.24,99617,18.17,278, -, -
SETF10GILT, EQ, 14-Jul-2026,265.24,265.99,266.25,264.21,264.89,264.98,265.67,652,1.73,29, 612, 93.87
SETFGOLD, EQ, 14-Jul-2026,120.67,120.0,120.15,118.55,119.7,119.63,119.71,2847176,3408.23,14009, 1495823, 52.54
SETFNIF50, EQ, 14-Jul-2026,260.49,258.0,261.0,258.0,258.34,258.39,258.8,381714,987.88,6497, 259157, 67.89
SETFNIFBK, EQ, 14-Jul-2026,596.41,596.41,596.41,588.01,588.86,590.21,590.37,29117,171.9,830, 22725, 78.05
SETFNN50, EQ, 14-Jul-2026,773.32,756.02,773.28,756.02,772.0,768.88,767.93,21862,167.88,988, 10559, 48.30
SETL, EQ, 14-Jul-2026,277.55,280.0,280.05,263.7,273.6,273.85,267.12,1343982,3589.98,10433, 520618, 38.74
SETUINFRA, BZ, 14-Jul-2026,0.44,0.46,0.46,0.42,0.43,0.43,0.45,97882,0.44,32, -, -
SEYAIND, BE, 14-Jul-2026,13.12,13.37,13.37,12.86,12.98,12.98,13.02,7556,0.98,38, -, -
SFL, EQ, 14-Jul-2026,806.95,812.1,819.05,781.1,805.0,808.95,806.89,308831,2491.94,21456, 136832, 44.31
SFML, SM, 14-Jul-2026,23.0,24.4,24.4,24.2,24.35,24.35,24.3,6400,1.56,4, 6400, 100.00
SGBAPR28I, GB, 14-Jul-2026,14162.7,14145.0,14145.0,14019.55,14050.0,14042.95,14050.28,334,46.93,95, 197, 58.98
SGBAUG27, GB, 14-Jul-2026,14400.0,14012.0,14200.0,14012.0,14188.0,14188.0,14126.58,97,13.7,38, 80, 82.47
SGBAUG28V, GB, 14-Jul-2026,14200.38,14149.99,14149.99,14049.99,14100.0,14081.37,14096.22,1217,171.55,159, 878, 72.14
SGBAUG29V, GB, 14-Jul-2026,14270.66,14199.99,14199.99,14080.0,14114.0,14098.36,14127.23,214,30.23,73, 189, 88.32
SGBAUG30, GB, 14-Jul-2026,14289.0,14289.0,14289.0,14033.0,14130.0,14139.64,14176.95,300,42.53,109, 231, 77.00
SGBD29VIII, GB, 14-Jul-2026,14181.33,14125.0,14125.0,14056.0,14098.0,14076.87,14078.33,112,15.77,50, 106, 94.64
SGBDC27VII, GB, 14-Jul-2026,14151.46,14101.0,14201.0,14000.0,14201.0,14128.27,14069.57,223,31.38,14, 134, 60.09
SGBDE30III, GB, 14-Jul-2026,14283.0,14247.68,14249.87,14130.01,14161.0,14198.32,14192.01,298,42.29,67, 219, 73.49
SGBDE31III, GB, 14-Jul-2026,14464.43,14449.0,14547.99,14350.03,14470.0,14499.48,14450.75,1360,196.53,232, 1008, 74.12
SGBFEB27, GB, 14-Jul-2026,14198.99,14150.0,14150.0,14099.99,14099.99,14099.99,14104.54,11,1.55,4, 11, 100.00
SGBFEB28IX, GB, 14-Jul-2026,14300.0,14100.0,14198.0,14040.0,14040.0,14041.77,14078.07,115,16.19,9, 110, 95.65
SGBFEB29XI, GB, 14-Jul-2026,14218.66,14076.0,14085.0,14065.0,14065.0,14065.0,14074.93,42,5.91,14, 34, 80.95
SGBFEB32IV, GB, 14-Jul-2026,14607.26,14600.0,14743.98,14505.02,14635.0,14625.26,14647.12,1697,248.56,331, 956, 56.33
SGBJ28VIII, GB, 14-Jul-2026,14250.01,14100.0,14100.0,14010.0,14010.0,14010.42,14011.24,123,17.23,15, 123, 100.00
SGBJAN27, GB, 14-Jul-2026,14252.01,14100.0,14100.0,14090.0,14090.0,14090.0,14097.22,54,7.61,4, 54, 100.00
SGBJAN29IX, GB, 14-Jul-2026,14120.0,14120.0,14120.0,14000.0,14000.0,14001.88,14054.44,160,22.49,56, 136, 85.00
SGBJAN29X, GB, 14-Jul-2026,14203.57,14205.0,14205.0,14012.0,14080.2,14080.06,14060.26,108,15.19,37, 78, 72.22
SGBJAN30IX, GB, 14-Jul-2026,14201.09,14102.0,14149.99,14099.32,14119.99,14119.99,14110.65,388,54.75,96, 200, 51.55
SGBJU29III, GB, 14-Jul-2026,14129.71,14050.01,14095.0,14040.0,14040.0,14046.66,14064.66,92,12.94,30, 89, 96.74
SGBJUL27, GB, 14-Jul-2026,14150.0,14150.0,14150.0,14150.0,14150.0,14150.0,14150.0,21,2.97,3, 21, 100.00
SGBJUL28IV, GB, 14-Jul-2026,14138.0,14099.89,14099.89,13985.0,13999.99,14003.74,14019.88,318,44.58,57, 291, 91.51
SGBJUL29IV, GB, 14-Jul-2026,14200.62,14100.0,14189.99,14049.99,14070.0,14079.61,14096.06,345,48.63,46, 270, 78.26
SGBJUN27, GB, 14-Jul-2026,14150.0,14149.98,14149.98,14149.98,14149.98,14149.98,14149.98,5,0.71,1, 5, 100.00
SGBJUN28, GB, 14-Jul-2026,14129.86,14114.99,14114.99,14015.0,14015.0,14051.8,14066.87,60,8.44,19, 42, 70.00
SGBJUN29II, GB, 14-Jul-2026,14150.0,13950.0,14100.0,13950.0,14060.0,14046.05,14046.85,54,7.59,21, 50, 92.59
SGBJUN30, GB, 14-Jul-2026,14214.58,14211.0,14243.99,14131.25,14175.0,14190.69,14198.31,146,20.73,46, 117, 80.14
SGBJUN31I, GB, 14-Jul-2026,14373.02,14376.05,14525.98,14307.61,14325.0,14373.47,14368.36,200,28.74,68, 151, 75.50
SGBMAR28X, GB, 14-Jul-2026,14300.0,14010.0,14010.0,14010.0,14010.0,14010.0,14010.0,80,11.21,7, 80, 100.00
SGBMAR30X, GB, 14-Jul-2026,14181.0,14111.0,14274.0,14108.63,14250.0,14248.4,14170.69,84,11.9,28, 43, 51.19
SGBMAR31IV, GB, 14-Jul-2026,14378.11,14364.68,14450.0,14300.5,14350.0,14320.47,14330.21,110,15.76,43, 75, 68.18
SGBMAY28, GB, 14-Jul-2026,14121.62,14098.89,14098.89,14000.0,14002.0,14007.31,14008.84,621,86.99,61, 542, 87.28
SGBMAY29I, GB, 14-Jul-2026,14154.28,14013.0,14139.99,14010.0,14075.0,14054.57,14073.93,334,47.01,72, 232, 69.46
SGBMR29XII, GB, 14-Jul-2026,14165.91,14100.0,14101.0,14005.01,14025.0,14023.31,14043.58,462,64.88,58, 315, 68.18
SGBN28VIII, GB, 14-Jul-2026,14169.98,14148.0,14148.0,14012.1,14070.0,14066.64,14063.78,152,21.38,47, 117, 76.97
SGBNOV26, GB, 14-Jul-2026,14276.0,14347.38,14347.38,14260.0,14260.0,14260.0,14312.43,5,0.72,5, 4, 80.00
SGBNV29VII, GB, 14-Jul-2026,14156.07,14149.99,14199.0,14014.51,14035.0,14030.01,14055.35,449,63.11,61, 336, 74.83
SGBOC28VII, GB, 14-Jul-2026,14149.95,14244.99,14244.99,14000.0,14079.99,14073.59,14074.79,129,18.16,23, 107, 82.95
SGBOCT27, GB, 14-Jul-2026,14693.99,14224.99,14224.99,14020.0,14020.0,14020.0,14086.47,17,2.39,7, 17, 100.00
SGBOCT27VI, GB, 14-Jul-2026,14170.0,14250.0,14250.0,13965.0,13965.0,13965.0,14034.19,22,3.09,7, 17, 77.27
SGBSEP27, GB, 14-Jul-2026,14125.6,14125.0,14125.0,13950.04,13950.04,13983.23,14018.97,20,2.8,10, 10, 50.00
SGBSEP28VI, GB, 14-Jul-2026,14150.0,14143.7,14143.7,14031.05,14098.0,14098.0,14083.28,45,6.34,23, 39, 86.67
SGBSEP29VI, GB, 14-Jul-2026,14165.0,14023.0,14150.0,14023.0,14090.0,14087.75,14092.1,115,16.21,39, 86, 74.78
SGBSEP31II, GB, 14-Jul-2026,14414.4,14389.89,14429.99,14301.0,14375.01,14389.21,14394.24,803,115.59,143, 681, 84.81
SGFIN, EQ, 14-Jul-2026,617.05,619.0,669.0,584.15,606.0,603.45,627.42,4964388,31147.41,151927, 907218, 18.27
SGIL, EQ, 14-Jul-2026,590.45,590.15,599.0,590.0,595.0,595.3,593.78,6879,40.85,196, 5534, 80.45
SGL, EQ, 14-Jul-2026,10.01,10.01,10.84,9.8,10.35,10.51,10.31,23284,2.4,149, 17347, 74.50
SGMART, EQ, 14-Jul-2026,622.7,627.7,681.95,606.25,656.9,654.15,659.32,2265959,14939.93,61133, 498844, 22.01
SHADOWFAX, EQ, 14-Jul-2026,222.61,222.1,224.0,204.5,207.7,208.7,209.77,3721885,7807.39,50138, 1605974, 43.15
SHAH, EQ, 14-Jul-2026,4.64,4.67,4.69,4.57,4.65,4.66,4.65,1828847,85.1,548, 1310111, 71.64
SHAHALLOYS, EQ, 14-Jul-2026,71.93,71.58,75.8,71.58,73.7,73.81,74.42,33591,25.0,333, 17738, 52.81
SHAILY, EQ, 14-Jul-2026,2754.1,2735.1,2752.4,2690.0,2715.0,2709.4,2717.16,148481,4034.47,14889, 43716, 29.44
SHAKTIPUMP, EQ, 14-Jul-2026,573.15,570.0,571.1,550.0,554.0,555.55,559.72,701057,3923.99,19615, 347155, 49.52
SHALBY, EQ, 14-Jul-2026,170.77,171.9,171.98,165.0,165.5,165.81,167.75,90873,152.44,2318, 55213, 60.76
SHALPAINTS, EQ, 14-Jul-2026,52.95,52.9,53.11,51.0,53.0,51.9,52.29,108437,56.7,990, 79190, 73.03
SHANKARA, EQ, 14-Jul-2026,136.79,137.0,139.65,134.3,134.5,134.6,135.69,195389,265.12,1507, 160543, 82.17
SHANTI, EQ, 14-Jul-2026,7.08,7.13,7.23,6.74,7.16,7.14,7.04,56693,3.99,125, 45856, 80.88
SHANTIGEAR, EQ, 14-Jul-2026,443.5,438.3,446.05,437.15,439.05,440.15,440.98,5796,25.56,572, 3130, 54.00
SHANTIGOLD, EQ, 14-Jul-2026,212.82,211.55,215.24,211.0,214.7,213.97,213.05,396344,844.43,5622, 169419, 42.75
SHARDACROP, EQ, 14-Jul-2026,911.15,915.0,915.0,893.3,904.1,906.45,904.45,189371,1712.77,8609, 71486, 37.75
SHARDAMOTR, EQ, 14-Jul-2026,871.9,874.1,874.1,852.85,856.0,856.3,858.29,21058,180.74,2417, 13621, 64.68
SHARDUL, EQ, 14-Jul-2026,40.32,44.35,44.35,44.35,44.35,44.35,44.35,13218,5.86,26, 13218, 100.00
SHAREINDIA, EQ, 14-Jul-2026,179.04,178.47,180.5,175.05,177.35,177.76,177.72,1599392,2842.37,10701, 486677, 30.43
SHARIABEES, EQ, 14-Jul-2026,456.87,454.02,458.37,454.02,458.37,455.25,455.82,8596,39.18,489, 3006, 34.97
SHBAJRG, EQ, 14-Jul-2026,187.62,187.5,190.0,183.01,184.96,183.83,186.7,4299,8.03,111, 3672, 85.42
SHEEL, ST, 14-Jul-2026,69.0,69.0,72.45,69.0,72.45,72.45,72.19,28000,20.21,8, 28000, 100.00
SHEETAL, SM, 14-Jul-2026,295.0,296.0,296.0,294.9,294.9,294.9,295.63,1500,4.43,3, 1000, 66.67
SHEKHAWATI, BE, 14-Jul-2026,13.41,13.2,13.5,13.01,13.48,13.16,13.17,16202,2.13,79, -, -
SHEMAROO, BE, 14-Jul-2026,128.0,127.99,129.25,125.0,125.0,125.0,126.02,12232,15.42,35, -, -
SHERA, ST, 14-Jul-2026,158.2,155.5,160.5,155.0,158.5,159.25,158.38,20000,31.68,18, 19000, 95.00
SHETHJI, ST, 14-Jul-2026,150.65,151.0,151.0,150.4,150.4,150.4,150.7,2000,3.01,2, 2000, 100.00
SHIGAN, SM, 14-Jul-2026,62.5,62.2,63.9,62.2,63.9,63.9,62.8,4500,2.83,3, 4500, 100.00
SHILCTECH, EQ, 14-Jul-2026,4494.6,4480.0,4493.8,4383.7,4400.0,4403.6,4426.78,9982,441.88,3093, 5391, 54.01
SHILPAMED, EQ, 14-Jul-2026,630.2,630.0,650.0,622.0,625.0,624.25,637.18,955072,6085.49,25470, 487806, 51.08
SHINDL, EQ, 14-Jul-2026,159.13,157.23,166.0,156.39,163.75,162.83,158.76,125885,199.86,797, 7621, 6.05
SHIVALIK, BE, 14-Jul-2026,215.26,214.8,217.75,211.5,216.35,215.8,213.86,20951,44.81,287, -, -
SHIVAMAUTO, BE, 14-Jul-2026,18.86,18.49,18.49,18.49,18.49,18.49,18.49,5816,1.08,16, -, -
SHIVAMILLS, BE, 14-Jul-2026,59.61,59.32,61.6,59.32,61.6,61.6,59.37,176,0.1,3, -, -
SHIVASHRIT, SM, 14-Jul-2026,117.0,120.5,120.5,116.05,120.0,120.0,119.62,29000,34.69,10, 25000, 86.21
SHIVATEX, EQ, 14-Jul-2026,149.82,149.82,153.5,148.15,148.65,148.65,151.48,1529,2.32,28, 482, 31.52
SHIVAUM, EQ, 14-Jul-2026,419.8,426.1,431.95,406.0,410.0,410.0,415.87,2143,8.91,89, 1888, 88.10
SHK, EQ, 14-Jul-2026,130.2,129.0,130.99,128.11,128.83,128.91,129.37,210765,272.66,4077, 146466, 69.49
SHKSIL, SM, 14-Jul-2026,37.95,38.0,38.0,38.0,38.0,38.0,38.0,8000,3.04,4, 8000, 100.00
SHOPERSTOP, EQ, 14-Jul-2026,372.45,372.45,380.0,363.0,380.0,375.0,371.38,195132,724.69,5439, 87195, 44.69
SHRADHA, EQ, 14-Jul-2026,29.62,28.4,35.54,28.4,35.54,35.54,33.97,594430,201.92,1776, 208561, 35.09
SHREDIGCEM, EQ, 14-Jul-2026,73.03,73.8,74.19,72.33,72.6,72.8,72.9,48249,35.17,732, 30728, 63.69
SHREECEM, EQ, 14-Jul-2026,26420.0,26290.0,26335.0,26015.0,26285.0,26280.0,26214.57,10021,2626.96,4920, 4647, 46.37
SHREEDHAR, ST, 14-Jul-2026,72.1,73.5,75.7,73.5,75.7,75.7,75.51,188000,141.96,50, 182000, 96.81
SHREEJISPG, EQ, 14-Jul-2026,570.7,575.95,578.5,566.5,575.25,575.3,574.31,1910760,10973.76,10009, 985549, 51.58
SHREEKARNI, SM, 14-Jul-2026,410.0,405.0,411.9,405.0,407.5,407.5,406.74,1200,4.88,7, 1200, 100.00
SHREEOSFM, SM, 14-Jul-2026,60.45,60.4,60.4,59.2,59.2,59.2,60.1,4000,2.4,4, 4000, 100.00
SHREEPUSHK, EQ, 14-Jul-2026,417.6,413.0,418.9,400.05,405.6,405.4,405.94,58058,235.68,2358, 27331, 47.08
SHREERAMA, EQ, 14-Jul-2026,43.01,43.09,43.14,42.3,42.3,42.42,42.69,32373,13.82,324, 25119, 77.59
SHRENIK, BZ, 14-Jul-2026,0.35,0.35,0.36,0.34,0.36,0.35,0.35,351586,1.24,198, -, -
SHREYANIND, EQ, 14-Jul-2026,137.98,137.0,137.98,135.21,137.62,136.43,136.72,3642,4.98,88, 2841, 78.01
SHRIAHIMSA, ST, 14-Jul-2026,386.0,388.1,401.8,368.0,389.9,389.9,385.18,23400,90.13,39, 19200, 82.05
SHRIKRISH, EQ, 14-Jul-2026,39.39,40.1,41.9,38.56,39.48,38.85,40.08,41499,16.63,294, 7542, 18.17
SHRINGARMS, EQ, 14-Jul-2026,231.09,232.22,232.8,226.55,227.0,227.79,229.55,720664,1654.32,5798, 298227, 41.38
SHRIPISTON, EQ, 14-Jul-2026,4185.1,4150.0,4205.0,4112.5,4198.0,4188.3,4155.01,34742,1443.53,9565, 17024, 49.00
SHRIRAMFIN, EQ, 14-Jul-2026,1048.1,1040.0,1042.3,1007.0,1012.1,1013.9,1018.53,6517181,66379.29,149041, 3439003, 52.77
SHRIRAMPPS, EQ, 14-Jul-2026,89.36,88.97,92.0,87.25,87.64,87.45,88.83,1011961,898.97,8710, 515680, 50.96
SHUBHSHREE, SM, 14-Jul-2026,341.0,331.0,331.0,331.0,331.0,331.0,331.0,600,1.99,2, 600, 100.00
SHYAMCENT, BE, 14-Jul-2026,5.79,5.89,5.89,5.71,5.73,5.71,5.8,47694,2.77,165, -, -
SHYAMDHANI, ST, 14-Jul-2026,60.0,60.0,60.0,60.0,60.0,60.0,60.0,4000,2.4,2, 4000, 100.00
SHYAMMETL, EQ, 14-Jul-2026,1029.35,1038.05,1046.0,1020.2,1034.0,1035.95,1035.21,678610,7025.07,22762, 246411, 36.31
SHYAMTEL, BE, 14-Jul-2026,16.82,16.5,16.82,16.49,16.52,16.52,16.51,11168,1.84,29, -, -
SICAGEN, EQ, 14-Jul-2026,52.61,52.34,53.25,51.06,51.85,51.88,51.71,16421,8.49,146, 14566, 88.70
SICALLOG, EQ, 14-Jul-2026,88.32,87.0,89.55,85.61,85.65,85.75,86.9,14253,12.39,262, 9703, 68.08
SIDDHICOTS, SM, 14-Jul-2026,29.0,29.1,29.5,28.1,28.5,28.5,28.9,7200,2.08,6, 6000, 83.33
SIEMENS, EQ, 14-Jul-2026,3477.8,3450.0,3525.0,3437.0,3513.0,3510.3,3477.78,224121,7794.43,27081, 89495, 39.93
SIGACHI, BE, 14-Jul-2026,23.12,23.58,23.58,23.58,23.58,23.58,23.58,247142,58.28,283, -, -
SIGIND, EQ, 14-Jul-2026,47.47,48.0,48.0,45.4,46.34,45.79,45.9,39816,18.27,342, 34421, 86.45
SIGMA, EQ, 14-Jul-2026,38.02,37.5,38.5,37.5,37.8,37.68,38.01,25938,9.86,421, 16287, 62.79
SIGMAADV, EQ, 14-Jul-2026,582.95,604.0,606.3,569.3,578.0,573.65,586.93,528379,3101.19,10866, 294174, 55.67
SIGNATURE, EQ, 14-Jul-2026,846.5,842.25,843.95,816.6,822.3,822.55,824.42,392537,3236.14,8655, 149095, 37.98
SIGNORIA, ST, 14-Jul-2026,149.75,157.2,157.2,152.5,156.5,156.45,156.29,40000,62.52,31, 37000, 92.50
SIGNPOST, EQ, 14-Jul-2026,321.15,325.0,336.8,316.9,321.65,322.05,328.94,312540,1028.08,10544, 106628, 34.12
SIKA, EQ, 14-Jul-2026,1200.8,1200.8,1209.6,1171.6,1179.0,1180.6,1183.91,19727,233.55,1937, 9024, 45.74
SIKKO, EQ, 14-Jul-2026,4.03,4.07,4.07,3.92,3.93,3.93,3.97,215795,8.56,428, 175713, 81.43
SIL, EQ, 14-Jul-2026,16.31,16.47,16.55,16.08,16.45,16.4,16.29,12341,2.01,136, 10844, 87.87
SILGO, EQ, 14-Jul-2026,74.4,73.45,75.82,73.45,75.15,74.74,74.98,94395,70.78,1000, 12401, 13.14
SILINV, EQ, 14-Jul-2026,420.85,421.0,425.0,414.85,415.0,418.9,418.07,1532,6.4,111, 1128, 73.63
SILKFLEX, ST, 14-Jul-2026,217.9,208.05,208.05,207.25,207.25,207.25,207.77,3000,6.23,3, 3000, 100.00
SILLYMONKS, EQ, 14-Jul-2026,16.02,16.01,17.49,16.01,16.96,16.77,16.77,3396,0.57,125, 1686, 49.65
SILVER, EQ, 14-Jul-2026,216.73,217.39,217.98,214.45,217.5,217.02,216.76,730023,1582.39,8478, 227934, 31.22
SILVER1, EQ, 14-Jul-2026,21.02,20.49,21.19,20.49,21.11,21.08,21.05,2521983,530.79,3585, 752126, 29.82
SILVER360, EQ, 14-Jul-2026,213.74,213.74,215.02,210.04,213.76,214.1,213.77,5508,11.77,262, 2724, 49.46
SILVERADD, EQ, 14-Jul-2026,209.08,207.64,210.46,207.4,209.79,209.34,208.95,171209,357.74,2289, 78088, 45.61
SILVERAG, EQ, 14-Jul-2026,211.24,212.5,212.51,209.54,211.69,211.56,211.26,330555,698.33,2577, 209976, 63.52
SILVERAXIS, EQ, 14-Jul-2026,215.62,213.52,217.1,213.52,216.46,216.04,215.54,293044,631.63,1478, 198594, 67.77
SILVERBEES, EQ, 14-Jul-2026,207.46,205.84,208.9,205.11,208.46,208.01,207.61,16814708,34909.25,55418, 4779054, 28.42
SILVERBETA, EQ, 14-Jul-2026,209.51,204.27,210.77,204.27,209.87,210.1,209.7,683576,1433.45,3666, 430410, 62.96
SILVERBND, EQ, 14-Jul-2026,217.82,216.93,219.0,216.42,218.08,218.28,218.15,22970,50.11,196, 17596, 76.60
SILVERCASE, EQ, 14-Jul-2026,21.99,22.2,22.2,21.6,22.04,22.02,21.99,7325644,1610.83,6716, 3303480, 45.09
SILVERIETF, EQ, 14-Jul-2026,216.5,221.91,221.91,214.68,217.26,216.88,216.45,1864154,4034.98,14558, 775741, 41.61
SILVERTUC, EQ, 14-Jul-2026,188.08,189.0,197.48,188.8,197.48,195.14,195.57,954458,1866.68,6561, 477550, 50.03
SIMBHALS, BZ, 14-Jul-2026,7.17,7.2,7.2,6.95,6.95,6.99,7.05,4557,0.32,57, -, -
SIMCA, SM, 14-Jul-2026,191.3,192.5,194.1,191.0,193.95,193.15,192.63,57600,110.96,79, 46800, 81.25
SIMPLEXINF, EQ, 14-Jul-2026,265.15,273.7,273.7,260.0,263.25,262.9,262.73,74299,195.2,1394, 34822, 46.87
SINCLAIR, EQ, 14-Jul-2026,76.93,77.91,78.0,76.2,76.54,76.54,76.66,9626,7.38,152, 7565, 78.59
SINDHUTRAD, EQ, 14-Jul-2026,25.79,25.45,25.83,24.8,25.45,25.24,25.24,463171,116.9,5707, 188872, 40.78
SINGERIND, EQ, 14-Jul-2026,67.54,67.99,68.0,66.06,66.1,66.36,66.85,36800,24.6,693, 20246, 55.02
SINTERCOM, EQ, 14-Jul-2026,76.5,76.88,78.98,76.0,77.2,77.0,77.0,247491,190.58,46, 247275, 99.91
SIRCA, EQ, 14-Jul-2026,402.6,404.0,405.0,396.0,396.0,397.75,398.93,165596,660.61,2361, 50817, 30.69
SIS, EQ, 14-Jul-2026,434.55,435.7,442.95,432.35,435.5,434.6,436.85,161379,704.98,5660, 81800, 50.69
SITINET, BZ, 14-Jul-2026,0.32,0.33,0.33,0.31,0.31,0.31,0.32,323990,1.03,167, -, -
SIYSIL, EQ, 14-Jul-2026,649.6,647.95,655.0,636.5,647.75,647.3,644.66,64345,414.81,3074, 33168, 51.55
SJLOGISTIC, SM, 14-Jul-2026,339.5,336.7,339.65,322.5,329.65,325.9,330.04,50500,166.67,136, 34750, 68.81
SJS, EQ, 14-Jul-2026,2154.6,2160.0,2175.0,2129.0,2160.0,2159.2,2151.89,61367,1320.55,8751, 34590, 56.37
SJVN, EQ, 14-Jul-2026,70.57,70.21,70.98,70.05,70.38,70.38,70.45,1720449,1212.01,11847, 791214, 45.99
SKFINDIA, EQ, 14-Jul-2026,1574.1,1574.1,1574.1,1538.0,1568.7,1567.1,1551.86,26735,414.89,3603, 15416, 57.66
SKFINDUS, EQ, 14-Jul-2026,2751.3,2772.5,2830.8,2691.0,2740.0,2738.4,2764.58,66039,1825.7,15029, 32112, 48.63
SKIPPER, EQ, 14-Jul-2026,556.0,550.1,564.8,547.05,555.0,552.25,553.89,384667,2130.62,12667, 130530, 33.93
SKMEGGPROD, EQ, 14-Jul-2026,360.9,362.0,370.0,350.0,352.3,352.25,358.59,978579,3509.07,22899, 219056, 22.39
SKP, SM, 14-Jul-2026,148.5,152.0,154.0,150.25,154.0,154.0,152.43,7500,11.43,14, 5500, 73.33
SKYGOLD, EQ, 14-Jul-2026,623.2,620.0,644.35,616.0,619.7,618.0,628.39,831484,5224.93,19844, 291665, 35.08
SLONE, ST, 14-Jul-2026,127.0,121.6,131.5,121.6,127.0,127.0,127.0,4400,5.59,10, 3200, 72.73
SMALL250, EQ, 14-Jul-2026,18.21,18.66,18.66,17.96,18.02,17.99,18.01,544631,98.11,1993, 342250, 62.84
SMALLADD, EQ, 14-Jul-2026,18.25,18.34,18.34,17.99,18.09,18.01,18.02,254979,45.94,990, 239653, 93.99
SMALLCAP, EQ, 14-Jul-2026,47.56,47.68,47.68,46.93,47.16,47.05,47.06,2426236,1141.85,3928, 1269165, 52.31
SMALLGROWW, EQ, 14-Jul-2026,47.74,47.03,48.18,47.0,47.3,47.21,47.27,6787,3.21,120, 5724, 84.34
SMALLIETF, EQ, 14-Jul-2026,18.21,18.1,18.14,17.95,18.05,18.0,18.04,28638,5.17,101, 25587, 89.35
SMARTEN, ST, 14-Jul-2026,60.95,62.4,62.4,59.8,59.8,59.8,60.23,9600,5.78,8, 9600, 100.00
SMARTLINK, BE, 14-Jul-2026,185.64,186.8,191.0,185.0,187.0,186.8,187.05,6431,12.03,93, -, -
SMARTWORKS, EQ, 14-Jul-2026,474.3,476.45,478.0,465.0,465.0,470.35,470.96,56836,267.67,4067, 30536, 53.73
SMCGLOBAL, EQ, 14-Jul-2026,76.54,76.01,80.9,75.52,79.4,79.45,79.74,2380954,1898.52,15649, 1202573, 50.51
SML100CASE, EQ, 14-Jul-2026,11.08,11.3,11.3,10.89,10.9,10.91,10.94,1883171,205.97,2081, 1088883, 57.82
SMLMAH, EQ, 14-Jul-2026,4200.7,4199.0,4239.9,4060.0,4080.0,4087.3,4142.35,96919,4014.73,11042, 53986, 55.70
SMLT, EQ, 14-Jul-2026,67.76,68.55,69.85,67.01,68.7,68.58,68.57,3886,2.66,81, 2732, 70.30
SMSPHARMA, EQ, 14-Jul-2026,399.8,396.05,410.5,396.05,398.15,399.25,403.94,411138,1660.76,8480, 247660, 60.24
SNEHAA, ST, 14-Jul-2026,47.95,47.5,47.95,46.55,47.95,47.95,47.21,5000,2.36,4, 5000, 100.00
SNOWMAN, EQ, 14-Jul-2026,36.55,36.37,36.96,35.7,35.9,36.15,36.16,136522,49.36,1283, 83197, 60.94
SNXT30BEES, EQ, 14-Jul-2026,42.22,42.1,42.13,41.78,41.97,41.98,41.98,1429,0.6,47, 1089, 76.21
SNXT50BETA, EQ, 14-Jul-2026,94.12,94.2,94.69,93.06,93.97,93.65,93.8,1236,1.16,85, 773, 62.54
SOBHA, EQ, 14-Jul-2026,1517.6,1505.0,1515.0,1478.0,1485.0,1490.6,1490.0,158334,2359.17,13244, 68359, 43.17
SOCL, ST, 14-Jul-2026,28.0,29.0,29.0,29.0,29.0,29.0,29.0,4800,1.39,1, 4800, 100.00
SOFTTECH, BE, 14-Jul-2026,414.65,403.0,430.0,403.0,425.0,425.0,407.42,414,1.69,14, -, -
SOLARA, EQ, 14-Jul-2026,585.4,588.7,588.7,564.6,575.0,576.2,574.72,160998,925.29,7273, 67634, 42.01
SOLARINDS, EQ, 14-Jul-2026,18156.0,18119.0,18318.0,17958.0,18231.0,18287.0,18188.62,95137,17304.11,21517, 37753, 39.68
SOLARWORLD, EQ, 14-Jul-2026,213.9,211.91,212.3,206.25,208.2,208.87,208.76,164810,344.07,2872, 72721, 44.12
SOLEX, EQ, 14-Jul-2026,1006.9,1007.0,1020.0,993.9,997.0,996.8,1004.4,24291,243.98,2326, 15046, 61.94
SOMANYCERA, EQ, 14-Jul-2026,536.85,535.0,550.65,527.05,538.0,535.2,538.9,120911,651.59,6070, 56118, 46.41
SOMATEX, EQ, 14-Jul-2026,114.06,113.0,116.79,108.4,111.4,110.81,112.05,14880,16.67,392, 8589, 57.72
SOMICONVEY, EQ, 14-Jul-2026,98.05,99.0,99.0,96.03,96.8,96.42,97.05,23300,22.61,489, 11488, 49.30
SONACOMS, EQ, 14-Jul-2026,670.85,674.0,674.0,660.1,667.35,666.8,665.33,873477,5811.46,21936, 331611, 37.96
SONAL, EQ, 14-Jul-2026,90.5,90.5,90.5,90.2,90.2,90.22,90.22,91,0.08,7, 91, 100.00
SONAMAC, ST, 14-Jul-2026,31.9,32.2,32.2,32.2,32.2,32.2,32.2,1000,0.32,1, 1000, 100.00
SONAMLTD, EQ, 14-Jul-2026,53.98,54.6,57.3,53.84,56.33,56.02,56.34,128236,72.25,820, 56398, 43.98
SONATSOFTW, EQ, 14-Jul-2026,316.05,316.0,321.0,302.9,307.45,307.75,312.07,6346403,19805.38,75427, 987576, 15.56
SONUINFRA, ST, 14-Jul-2026,43.3,42.05,43.0,41.4,43.0,43.0,42.19,6000,2.53,4, 6000, 100.00
SOTL, EQ, 14-Jul-2026,597.45,599.95,599.95,576.0,582.0,579.55,584.42,183111,1070.14,7766, 91180, 49.79
SOUTHBANK, EQ, 14-Jul-2026,45.88,45.8,46.22,45.2,45.3,45.33,45.59,11111427,5066.17,28179, 5425550, 48.83
SOUTHWEST, EQ, 14-Jul-2026,224.03,223.65,224.28,220.05,222.02,222.04,221.79,67176,148.99,1556, 42885, 63.84
SPAL, EQ, 14-Jul-2026,1124.8,1129.0,1199.0,1108.1,1116.0,1121.6,1151.71,185476,2136.14,13136, 42570, 22.95
SPANDANA, EQ, 14-Jul-2026,305.3,305.85,307.65,301.5,303.8,303.05,303.78,254869,774.24,5871, 159915, 62.74
SPARC, EQ, 14-Jul-2026,259.42,259.35,259.35,247.0,248.29,247.83,250.77,1942047,4870.15,28146, 840327, 43.27
SPCENET, EQ, 14-Jul-2026,3.8,3.84,3.84,3.61,3.63,3.63,3.64,1158862,42.14,912, 686225, 59.22
SPCL, SM, 14-Jul-2026,69.3,69.05,71.05,68.7,70.95,70.45,69.81,7800,5.45,13, 4200, 53.85
SPCON, SM, 14-Jul-2026,135.0,135.0,135.0,135.0,135.0,135.0,135.0,1200,1.62,1, 1200, 100.00
SPECIALITY, EQ, 14-Jul-2026,124.05,123.5,134.8,123.4,131.5,131.11,131.25,138882,182.28,2554, 76325, 54.96
SPECTRUM, EQ, 14-Jul-2026,2005.5,2041.0,2066.6,1940.9,2035.0,2012.4,2016.32,17417,351.18,2405, 7953, 45.66
SPECTSTM, ST, 14-Jul-2026,57.05,59.85,59.85,58.05,59.45,59.45,59.16,4000,2.37,5, 4000, 100.00
SPENCERS, EQ, 14-Jul-2026,35.39,35.32,35.39,34.7,34.75,34.77,35.05,20384,7.14,260, 16685, 81.85
SPIC, EQ, 14-Jul-2026,68.11,68.01,68.09,66.17,67.1,66.74,67.04,357743,239.81,3201, 184938, 51.70
SPLIL, EQ, 14-Jul-2026,31.12,31.12,33.29,30.21,32.12,32.34,31.9,15984,5.1,118, 11039, 69.06
SPLPETRO, EQ, 14-Jul-2026,734.75,727.95,730.15,720.1,730.0,725.65,724.0,20694,149.82,2324, 7041, 34.02
SPMLINFRA, EQ, 14-Jul-2026,192.16,192.9,197.88,189.29,191.8,191.52,193.93,249134,483.14,3766, 77802, 31.23
SPORTKING, EQ, 14-Jul-2026,192.53,194.07,209.9,192.9,196.6,196.85,202.24,3518062,7114.84,48261, 766042, 21.77
SPRL, SM, 14-Jul-2026,111.0,111.0,111.0,108.0,108.0,108.0,109.67,2400,2.63,3, 2400, 100.00
SPUNWEB, SM, 14-Jul-2026,105.5,105.95,105.95,103.05,103.05,103.05,104.5,2400,2.51,2, 2400, 100.00
SRD, EQ, 14-Jul-2026,40.63,41.48,41.48,38.8,39.89,39.97,39.72,124353,49.39,387, 115295, 92.72
SREEL, EQ, 14-Jul-2026,211.76,209.0,212.0,209.0,211.5,210.33,210.27,1957,4.11,95, 1463, 74.76
SRF, EQ, 14-Jul-2026,2741.6,2729.4,2759.9,2716.0,2740.1,2744.9,2731.16,397057,10844.25,38246, 259969, 65.47
SRGHFL, EQ, 14-Jul-2026,305.1,305.1,311.0,301.0,305.0,309.5,308.18,2748,8.47,85, 2240, 81.51
SRHHYPOLTD, EQ, 14-Jul-2026,495.5,496.0,498.9,490.4,494.6,492.0,494.06,2450,12.1,206, 1854, 75.67
SRIVASAVI, ST, 14-Jul-2026,83.85,85.0,88.0,85.0,86.7,86.7,86.43,12000,10.37,12, 12000, 100.00
SRM, EQ, 14-Jul-2026,498.55,501.0,501.7,484.0,488.0,486.6,489.42,43850,214.61,1734, 27922, 63.68
SRTL, EQ, 14-Jul-2026,40.72,40.9,41.0,40.01,40.55,40.7,40.54,41370,16.77,550, 23400, 56.56
SSDL, EQ, 14-Jul-2026,55.45,56.0,56.0,54.67,54.7,54.82,55.09,17773,9.79,482, 12083, 67.99
SSEGL, SM, 14-Jul-2026,329.95,334.95,335.05,322.0,326.0,324.65,327.48,15400,50.43,65, 8800, 57.14
SSFL, ST, 14-Jul-2026,260.5,260.5,267.0,247.5,267.0,266.5,251.88,30500,76.82,55, 26500, 86.89
SSFLPP, E1, 14-Jul-2026,166.95,169.4,169.4,158.7,162.0,162.85,161.93,4067,6.59,139, 2525, 62.09
SSWL, EQ, 14-Jul-2026,253.26,255.1,257.8,249.0,251.47,250.44,252.67,540346,1365.28,8980, 236884, 43.84
STALLION, EQ, 14-Jul-2026,209.88,208.1,211.36,200.9,204.1,203.13,204.9,2096559,4295.77,21932, 781938, 37.30
STANLEY, EQ, 14-Jul-2026,159.29,158.05,160.89,155.0,158.0,157.68,157.43,126295,198.82,2545, 77677, 61.50
STAR, EQ, 14-Jul-2026,1074.0,1075.7,1083.4,1066.0,1072.8,1071.1,1073.09,62944,675.44,6435, 24156, 38.38
STARCEMENT, EQ, 14-Jul-2026,206.31,205.28,206.29,204.31,205.65,205.53,205.18,100923,207.07,1832, 59273, 58.73
STARHEALTH, EQ, 14-Jul-2026,599.75,597.5,623.9,592.75,600.0,597.35,604.32,1347333,8142.25,41647, 685357, 50.87
STARPAPER, EQ, 14-Jul-2026,141.43,141.43,141.95,138.2,138.2,139.19,139.43,1853,2.58,85, 1486, 80.19
STARTECK, EQ, 14-Jul-2026,271.35,275.1,278.9,270.15,272.5,272.7,275.72,6375,17.58,327, 977, 15.33
STCINDIA, EQ, 14-Jul-2026,123.0,122.9,123.15,120.5,120.74,121.16,121.8,23030,28.05,651, 11222, 48.73
STEELCAS, EQ, 14-Jul-2026,309.3,309.35,317.0,295.05,299.0,299.3,301.73,139189,419.98,5563, 45787, 32.90
STEELCITY, EQ, 14-Jul-2026,77.23,77.23,77.9,76.25,77.06,76.96,77.12,1760,1.36,89, 1392, 79.09
STEELXIND, EQ, 14-Jul-2026,12.12,12.28,12.28,12.09,12.12,12.2,12.16,1029214,125.16,1828, 649797, 63.14
STEL, EQ, 14-Jul-2026,553.95,570.0,570.0,555.0,557.05,555.85,557.7,880,4.91,137, 510, 57.95
STERTOOLS, BE, 14-Jul-2026,243.73,240.0,248.0,239.4,243.0,242.82,243.09,18565,45.13,259, -, -
STLNETWORK, BE, 14-Jul-2026,25.31,25.31,25.39,24.85,25.0,24.93,25.02,379020,94.83,1351, -, -
STLTECH, BE, 14-Jul-2026,518.15,500.0,539.9,492.25,528.65,533.85,511.89,3593223,18393.48,47172, -, -
STOVEKRAFT, EQ, 14-Jul-2026,791.15,787.0,793.7,767.2,768.0,772.05,776.55,93383,725.17,5156, 55766, 59.72
STRIDERS, SM, 14-Jul-2026,56.5,59.9,59.9,56.35,56.35,56.35,58.13,3200,1.86,2, 3200, 100.00
STUDDS, EQ, 14-Jul-2026,459.65,461.95,463.85,447.0,449.0,448.55,450.98,61940,279.34,2569, 38634, 62.37
STUDIOLSD, ST, 14-Jul-2026,8.8,8.9,9.2,8.8,9.2,9.2,9.12,46000,4.2,22, 42000, 91.30
STYL, EQ, 14-Jul-2026,367.8,375.05,400.0,371.05,392.0,391.75,386.77,1006460,3892.66,22069, 469549, 46.65
STYLAMIND, EQ, 14-Jul-2026,3245.5,3221.0,3322.0,3208.0,3299.0,3306.3,3269.61,18033,589.61,5413, 8715, 48.33
STYLEBAAZA, BE, 14-Jul-2026,307.05,303.0,310.0,295.1,297.05,299.05,301.9,122597,370.13,816, -, -
STYRENIX, EQ, 14-Jul-2026,2317.7,2315.2,2315.2,2251.0,2283.0,2264.3,2277.51,27196,619.39,2154, 14135, 51.97
SUBAHOTELS, SM, 14-Jul-2026,113.95,113.95,115.9,111.05,111.05,111.65,113.57,52800,59.97,37, 25200, 47.73
SUBEXLTD, BE, 14-Jul-2026,13.53,13.21,13.97,13.2,13.47,13.36,13.42,1205590,161.74,1469, -, -
SUBROS, EQ, 14-Jul-2026,821.75,817.4,820.85,805.25,807.25,811.35,810.83,39841,323.04,2498, 15832, 39.74
SUDARCOLOR, EQ, 14-Jul-2026,381.25,386.0,391.0,376.0,377.0,378.2,382.77,14288,54.69,859, 6067, 42.46
SUDARSCHEM, EQ, 14-Jul-2026,1038.05,1030.05,1078.7,1030.05,1064.0,1066.2,1067.59,607651,6487.2,28081, 269180, 44.30
SUDEEPPHRM, EQ, 14-Jul-2026,847.55,845.0,847.55,832.2,838.75,837.45,838.37,61269,513.66,4664, 31777, 51.86
SUKHJITS, EQ, 14-Jul-2026,169.4,173.7,173.7,169.51,171.25,171.06,170.82,2613,4.46,154, 1683, 64.41
SULA, EQ, 14-Jul-2026,150.98,150.98,152.7,148.1,148.5,148.63,149.8,188916,282.99,4249, 101297, 53.62
SUMEET-RE, BE, 14-Jul-2026,2.47,2.59,2.68,2.4,2.5,2.5,2.51,23074947,579.51,2550, -, -
SUMEETINDS, EQ, 14-Jul-2026,32.63,32.72,33.56,31.81,32.96,32.72,32.82,8864084,2909.44,13255, 417810, 4.71
SUMICHEM, EQ, 14-Jul-2026,531.9,530.95,539.5,517.7,539.0,535.2,527.34,713045,3760.15,16607, 303749, 42.60
SUMIT, BE, 14-Jul-2026,46.91,47.0,47.88,46.11,47.87,47.81,47.57,75066,35.71,67, -, -
SUMMITSEC, EQ, 14-Jul-2026,1572.0,1572.4,1578.0,1530.0,1535.4,1534.9,1546.53,2160,33.41,403, 1806, 83.61
SUNCLAY, EQ, 14-Jul-2026,1393.3,1373.3,1398.5,1371.4,1380.0,1382.2,1381.7,3196,44.16,392, 1847, 57.79
SUNDARAM, EQ, 14-Jul-2026,1.27,1.28,1.28,1.24,1.26,1.25,1.26,340065,4.28,191, 255973, 75.27
SUNDARMFIN, EQ, 14-Jul-2026,4529.1,4501.0,4509.7,4405.0,4456.5,4461.1,4449.68,53381,2375.28,13088, 29875, 55.97
SUNDRMBRAK, BE, 14-Jul-2026,816.1,816.0,856.9,816.0,856.9,854.65,849.91,8167,69.41,222, -, -
SUNDRMFAST, EQ, 14-Jul-2026,960.95,960.95,962.4,952.55,960.0,959.75,958.56,52269,501.03,5697, 35916, 68.71
SUNDROP, EQ, 14-Jul-2026,637.35,640.0,645.0,634.6,645.0,643.7,640.58,11994,76.83,249, 9629, 80.28
SUNFLAG, EQ, 14-Jul-2026,344.05,344.7,347.65,337.2,339.6,339.65,342.67,117453,402.48,3200, 70312, 59.86
SUNLITE, ST, 14-Jul-2026,454.0,454.0,458.0,445.0,447.5,447.5,450.39,7500,33.78,25, 6300, 84.00
SUNPHARMA, EQ, 14-Jul-2026,1921.4,1910.0,1950.8,1910.0,1944.8,1942.6,1940.88,2822124,54774.08,126942, 1781814, 63.14
SUNTECH, ST, 14-Jul-2026,30.05,30.55,30.8,30.55,30.6,30.6,30.65,8000,2.45,5, 8000, 100.00
SUNTECK, EQ, 14-Jul-2026,323.95,323.0,323.65,309.45,313.0,312.8,313.05,397746,1245.16,11158, 221142, 55.60
SUNTV, EQ, 14-Jul-2026,499.5,500.0,500.05,488.3,493.95,493.85,490.62,383258,1880.33,12238, 297840, 77.71
SUPERHOUSE, EQ, 14-Jul-2026,157.2,155.0,156.45,151.0,151.1,151.96,152.72,4701,7.18,173, 2817, 59.92
SUPERSPIN, BE, 14-Jul-2026,5.0,5.1,5.1,5.1,5.1,5.1,5.1,148,0.01,3, -, -
SUPRAJIT, EQ, 14-Jul-2026,497.75,497.75,497.75,485.6,486.95,487.85,489.4,86328,422.49,5267, 49150, 56.93
SUPREME, EQ, 14-Jul-2026,47.35,46.5,50.99,46.5,47.48,46.94,47.2,21795,10.29,615, 10517, 48.25
SUPREMEENG, BZ, 14-Jul-2026,1.65,1.68,1.68,1.68,1.68,1.68,1.68,29997,0.5,23, -, -
SUPREMEIND, EQ, 14-Jul-2026,3334.6,3285.0,3436.8,3275.1,3430.0,3427.5,3400.68,273774,9310.17,25663, 135629, 49.54
SUPREMEINF, EQ, 14-Jul-2026,79.14,80.9,80.9,75.6,75.6,76.04,77.89,56203,43.78,1293, 21628, 38.48
SUPREMEPWR, ST, 14-Jul-2026,219.7,218.0,220.0,214.05,220.0,220.0,217.05,22500,48.84,42, 22000, 97.78
SUPRIYA, EQ, 14-Jul-2026,845.0,846.0,875.0,838.0,869.0,870.7,860.1,344442,2962.53,16629, 118910, 34.52
SURAJEST, EQ, 14-Jul-2026,207.3,206.27,206.3,200.73,204.0,202.86,202.43,27179,55.02,953, 9891, 36.39
SURAJLTD, EQ, 14-Jul-2026,221.79,227.0,227.0,223.0,226.87,226.87,226.14,287,0.65,18, 170, 59.23
SURAKSHA, EQ, 14-Jul-2026,260.95,262.3,265.05,257.0,259.0,259.95,260.27,28706,74.71,1297, 18056, 62.90
SURANASOL, EQ, 14-Jul-2026,25.19,25.69,27.0,25.03,26.99,25.8,25.57,46265,11.83,391, 27999, 60.52
SURANAT&P, EQ, 14-Jul-2026,18.58,18.52,18.75,18.16,18.47,18.33,18.39,70099,12.89,629, 21728, 31.00
SURYALA, EQ, 14-Jul-2026,438.1,432.4,439.0,432.25,432.55,435.85,432.84,589,2.55,29, 538, 91.34
SURYALAXMI, EQ, 14-Jul-2026,60.03,60.4,61.75,58.2,59.1,59.14,59.75,2155,1.29,63, 1626, 75.45
SURYAROSNI, EQ, 14-Jul-2026,251.45,251.45,252.3,247.25,248.5,247.95,248.88,287817,716.31,5400, 196954, 68.43
SURYODAY, EQ, 14-Jul-2026,191.57,190.0,192.9,186.0,187.55,187.27,189.44,444818,842.66,6865, 185119, 41.62
SUTLEJTEX, BE, 14-Jul-2026,37.8,38.47,38.47,37.6,38.4,37.86,37.99,11836,4.5,62, -, -
SUVEN, EQ, 14-Jul-2026,359.55,361.35,365.6,345.0,349.0,348.2,349.56,762731,2666.23,15511, 315204, 41.33
SUVIDHAA, EQ, 14-Jul-2026,2.54,2.54,2.6,2.46,2.58,2.57,2.55,41387,1.06,154, 30899, 74.66
SUYOG, EQ, 14-Jul-2026,873.75,878.45,894.95,853.6,857.0,867.25,871.6,52713,459.45,4223, 22676, 43.02
SUZLON, EQ, 14-Jul-2026,53.17,52.95,52.99,52.33,52.43,52.47,52.57,40748106,21421.09,80937, 16189678, 39.73
SVLL, BE, 14-Jul-2026,676.3,702.9,708.0,676.0,677.0,683.4,685.09,19111,130.93,202, -, -
SVPGLOB, BE, 14-Jul-2026,3.78,3.94,3.94,3.78,3.87,3.87,3.87,21848,0.85,42, -, -
SWANCORP, EQ, 14-Jul-2026,323.45,321.85,321.85,314.15,314.8,315.55,316.64,468505,1483.48,8040, 278715, 59.49
SWANDEF, BE, 14-Jul-2026,2254.6,2244.6,2250.0,2164.0,2220.0,2207.6,2205.39,5918,130.52,495, -, -
SWARAJ, SM, 14-Jul-2026,342.65,345.55,364.45,342.5,362.0,363.2,354.35,308000,1091.38,300, 101000, 32.79
SWARAJENG, EQ, 14-Jul-2026,3789.6,3760.0,3787.9,3750.0,3751.5,3757.0,3761.78,4408,165.82,908, 2714, 61.57
SWASTIK, ST, 14-Jul-2026,14.85,15.55,15.55,15.55,15.55,15.55,15.55,8400,1.31,5, 8400, 100.00
SWELECTES, EQ, 14-Jul-2026,640.85,641.5,642.0,625.1,628.0,631.2,632.27,13987,88.44,1309, 7446, 53.24
SWIGGY, EQ, 14-Jul-2026,266.77,266.33,266.33,257.74,258.7,258.8,260.34,11711658,30490.62,68960, 4399669, 37.57
SWSOLAR, EQ, 14-Jul-2026,236.96,239.0,250.0,235.11,241.9,242.07,243.63,3560172,8673.51,41093, 1187956, 33.37
SYMPHONY, EQ, 14-Jul-2026,732.45,732.0,732.0,708.0,717.5,710.8,717.38,133757,959.55,8811, 80149, 59.92
SYNCOMF, EQ, 14-Jul-2026,13.94,14.01,14.06,13.7,13.75,13.74,13.81,1200178,165.78,3056, 692829, 57.73
SYNGENE, EQ, 14-Jul-2026,420.35,421.0,432.0,416.5,419.0,419.45,422.79,1810422,7654.33,73657, 771511, 42.61
SYNOPTICS, ST, 14-Jul-2026,82.0,78.0,82.0,77.9,77.9,77.9,79.65,8400,6.69,10, 7800, 92.86
SYRMA, EQ, 14-Jul-2026,1431.7,1425.0,1446.3,1404.8,1420.0,1421.8,1422.17,528531,7516.63,24243, 143428, 27.14
SYSTANGO, SM, 14-Jul-2026,220.4,220.4,234.0,219.0,223.0,223.35,225.69,30000,67.71,72, 18000, 60.00
SYSTMTXC, BE, 14-Jul-2026,63.9,64.21,64.21,62.0,63.0,62.59,62.61,4239,2.65,103, -, -
TAALTECH, EQ, 14-Jul-2026,4078.0,4140.0,4140.0,3925.0,3994.0,3982.6,4041.41,3100,125.28,570, 2303, 74.29
TAC, SM, 14-Jul-2026,437.2,459.05,459.05,459.05,459.05,459.05,459.05,10400,47.74,38, 10400, 100.00
TAINWALCHM, EQ, 14-Jul-2026,232.0,243.98,257.0,220.8,224.23,225.99,243.35,234075,569.62,4265, 61106, 26.11
TAJGVK, EQ, 14-Jul-2026,366.8,366.8,367.15,357.0,359.95,358.7,359.99,65550,235.98,1880, 39526, 60.30
TAKE, BE, 14-Jul-2026,22.4,22.4,22.9,21.28,21.28,21.49,21.7,309252,67.1,1032, -, -
TALBROAUTO, EQ, 14-Jul-2026,403.95,402.05,402.1,384.75,387.1,389.3,391.15,173835,679.96,7822, 87537, 50.36
TAMBOLIIN, BE, 14-Jul-2026,220.53,220.0,231.0,216.0,220.0,220.42,219.98,11306,24.87,63, -, -
TANKUP, ST, 14-Jul-2026,1080.4,1102.0,1102.0,1100.0,1102.0,1102.0,1101.67,1500,16.53,6, 1250, 83.33
TANLA, EQ, 14-Jul-2026,569.55,569.55,570.25,546.0,547.35,549.05,553.06,769641,4256.58,23691, 399458, 51.90
TARACHAND, EQ, 14-Jul-2026,56.01,57.0,57.0,55.3,55.55,55.97,55.91,73926,41.33,1250, 48397, 65.47
TARAPUR, EQ, 14-Jul-2026,17.96,18.01,18.27,17.6,17.6,17.72,17.82,14918,2.66,126, 13952, 93.52
TARC, EQ, 14-Jul-2026,123.72,122.8,123.85,121.0,121.55,121.62,122.3,340295,416.17,2731, 166373, 48.89
TARIL, EQ, 14-Jul-2026,347.3,347.0,348.05,335.8,336.9,337.0,339.61,1482824,5035.79,24085, 673549, 45.42
TARMAT, EQ, 14-Jul-2026,48.98,49.0,49.39,48.05,49.3,49.23,48.87,2185,1.07,36, 1722, 78.81
TARSONS, EQ, 14-Jul-2026,315.9,314.85,320.55,307.0,308.0,308.75,311.93,186677,582.29,5020, 85155, 45.62
TASTYBITE, EQ, 14-Jul-2026,8962.5,9044.5,9119.0,8715.5,9068.0,9072.5,8903.75,6181,550.34,1436, 3983, 64.44
TATACAP, EQ, 14-Jul-2026,360.95,360.8,360.8,353.55,356.0,355.9,356.17,791479,2819.0,17905, 378477, 47.82
TATACHEM, EQ, 14-Jul-2026,714.4,714.35,714.45,699.0,702.5,702.25,703.66,263653,1855.22,9777, 118994, 45.13
TATACOMM, EQ, 14-Jul-2026,1835.4,1838.9,1852.9,1831.0,1850.0,1848.6,1845.21,112339,2072.9,11023, 48622, 43.28
TATACONSUM, EQ, 14-Jul-2026,1098.6,1089.8,1110.2,1089.8,1096.0,1097.6,1097.61,1581478,17358.5,49288, 905967, 57.29
TATAELXSI, EQ, 14-Jul-2026,3823.6,3823.6,3840.0,3681.1,3710.0,3697.3,3731.07,552431,20611.58,45658, 218475, 39.55
TATAGOLD, EQ, 14-Jul-2026,13.75,13.68,13.75,13.4,13.65,13.64,13.66,45615222,6228.9,58699, 17467606, 38.29
TATAINVEST, EQ, 14-Jul-2026,686.5,685.2,685.4,666.05,669.55,668.55,673.05,228088,1535.16,11287, 127872, 56.06
TATAPOWER, EQ, 14-Jul-2026,377.85,377.85,379.0,374.55,377.5,377.7,376.96,3224890,12156.5,44883, 1504038, 46.64
TATASTEEL, EQ, 14-Jul-2026,187.11,186.7,190.35,186.7,188.74,188.27,188.65,24096425,45457.78,132593, 10151966, 42.13
TATATECH, EQ, 14-Jul-2026,760.8,760.8,769.7,744.15,755.3,756.55,758.12,1418801,10756.24,42975, 530780, 37.41
TATSILV, EQ, 14-Jul-2026,21.08,20.9,21.34,20.87,21.17,21.13,21.09,32474602,6847.67,41023, 9067229, 27.92
TATVA, EQ, 14-Jul-2026,1391.4,1391.5,1426.2,1370.2,1411.0,1412.1,1404.2,101524,1425.6,8961, 42862, 42.22
TAURIAN, SM, 14-Jul-2026,360.25,355.5,359.0,352.5,352.5,354.7,355.75,13600,48.38,17, 9600, 70.59
TBI, SM, 14-Jul-2026,61.55,62.65,63.35,61.75,63.0,62.6,62.66,16800,10.53,28, 12600, 75.00
TBOTEK, EQ, 14-Jul-2026,1504.1,1498.4,1498.4,1435.6,1445.0,1443.5,1455.07,107142,1558.99,9763, 52497, 49.00
TBZ, EQ, 14-Jul-2026,225.11,225.11,264.95,222.85,261.0,259.97,253.17,17278323,43743.62,195595, 1209378, 7.00
TCC, EQ, 14-Jul-2026,335.9,335.0,335.0,315.1,315.4,316.75,323.25,18327,59.24,1268, 9306, 50.78
TCI, EQ, 14-Jul-2026,934.4,941.9,941.9,917.0,920.2,925.8,930.79,57162,532.06,3023, 38563, 67.46
TCIEXP, EQ, 14-Jul-2026,565.85,560.0,569.9,550.05,552.0,554.7,560.94,62270,349.3,2736, 18139, 29.13
TCIFINANCE, BE, 14-Jul-2026,15.92,16.0,16.0,15.2,15.94,15.85,15.55,30888,4.8,151, -, -
TCL, SM, 14-Jul-2026,115.75,115.55,115.55,112.5,113.3,113.3,114.44,20000,22.89,13, 14400, 72.00
TCPLPACK, EQ, 14-Jul-2026,3006.6,2979.5,3250.0,2940.1,3249.0,3216.9,3145.52,41594,1308.35,3927, 20041, 48.18
TCS, EQ, 14-Jul-2026,2181.5,2182.9,2228.0,2179.0,2197.0,2200.6,2200.4,9546290,210056.6,272515, 4496777, 47.10
TDPOWERSYS, EQ, 14-Jul-2026,1152.2,1145.0,1147.0,1121.6,1129.0,1125.0,1128.71,527762,5956.93,30868, 251924, 47.73
TEAMGTY, EQ, 14-Jul-2026,231.19,236.9,236.9,213.1,223.5,220.93,222.66,2434,5.42,193, 1715, 70.46
TEAMLEASE, EQ, 14-Jul-2026,1394.0,1394.0,1444.0,1382.2,1390.0,1397.8,1408.36,45556,641.59,4180, 17402, 38.20
TEAMTECH, SM, 14-Jul-2026,118.5,118.55,120.15,116.05,116.55,117.55,118.63,64000,75.93,30, 40000, 62.50
TECH, EQ, 14-Jul-2026,31.66,31.99,31.99,31.36,31.37,31.44,31.66,103693,32.83,248, 71769, 69.21
TECHD, ST, 14-Jul-2026,573.5,602.15,602.15,596.05,602.15,602.15,601.81,45900,276.23,87, 45000, 98.04
TECHERA, SM, 14-Jul-2026,154.7,152.4,161.9,152.4,160.0,159.3,156.84,53600,84.07,63, 40800, 76.12
TECHLABS, ST, 14-Jul-2026,153.45,161.1,161.1,146.5,153.95,154.55,156.17,117625,183.7,352, 102000, 86.72
TECHM, EQ, 14-Jul-2026,1504.5,1509.0,1519.9,1480.0,1484.4,1484.3,1499.41,2011058,30153.91,90865, 1034057, 51.42
TECHNOE, EQ, 14-Jul-2026,1057.8,1036.8,1051.0,1035.0,1040.0,1039.8,1041.73,106763,1112.18,5874, 68798, 64.44
TECHNVISN, EQ, 14-Jul-2026,3479.8,3507.5,3531.7,3400.0,3450.0,3449.3,3465.03,478,16.56,163, 382, 79.92
TECILCHEM, EQ, 14-Jul-2026,9.36,9.36,9.9,8.8,9.3,9.3,9.25,6451,0.6,51, 4972, 77.07
TEGA, EQ, 14-Jul-2026,1707.9,1705.0,1707.0,1662.0,1662.0,1668.5,1688.04,40205,678.68,4300, 21375, 53.17
TEJA, ST, 14-Jul-2026,524.35,550.55,550.55,540.0,542.0,545.75,549.65,15000,82.45,24, 14400, 96.00
TEJASNET, EQ, 14-Jul-2026,556.25,553.0,554.5,541.5,542.9,543.25,545.59,922527,5033.22,21379, 301394, 32.67
TEMBO, EQ, 14-Jul-2026,552.95,552.5,562.2,545.05,547.0,546.9,549.66,85210,468.37,2376, 34856, 40.91
TENNIND, EQ, 14-Jul-2026,584.1,583.25,584.0,566.85,569.85,569.15,571.65,335866,1919.96,18720, 184975, 55.07
TERASOFT, EQ, 14-Jul-2026,397.75,397.95,406.6,395.5,398.0,398.15,399.75,12870,51.45,551, 5784, 44.94
TEXINFRA, EQ, 14-Jul-2026,114.0,113.01,115.76,113.01,114.0,114.11,114.43,81626,93.4,1143, 54555, 66.84
TEXMOPIPES, EQ, 14-Jul-2026,44.07,45.9,45.9,43.5,43.5,43.57,44.42,22687,10.08,776, 13667, 60.24
TEXRAIL, EQ, 14-Jul-2026,117.19,116.9,116.9,114.55,115.0,115.04,115.41,1165039,1344.57,9034, 597362, 51.27
TFCILTD, EQ, 14-Jul-2026,80.81,80.48,83.13,78.51,80.4,80.53,80.78,11591061,9362.76,22835, 5824239, 50.25
TFL, EQ, 14-Jul-2026,11.35,11.35,11.67,10.55,11.34,11.17,10.96,21159,2.32,120, 12036, 56.88
TGBHOTELS, EQ, 14-Jul-2026,8.72,8.73,8.95,8.55,8.87,8.79,8.68,7081,0.61,94, 6800, 96.03
TGL, SM, 14-Jul-2026,21.55,22.6,22.6,22.6,22.6,22.6,22.6,18600,4.2,29, 15400, 82.80
THACKER, BE, 14-Jul-2026,1034.0,1045.0,1045.0,1030.0,1030.0,1030.0,1035.29,13,0.13,6, -, -
THAKDEV, EQ, 14-Jul-2026,127.28,132.0,133.6,131.35,133.6,133.6,132.59,344,0.46,10, 344, 100.00
THANGAMAYL, EQ, 14-Jul-2026,6233.0,6220.0,6555.0,6180.5,6420.0,6459.0,6394.32,314025,20079.78,49222, 86506, 27.55
THEINVEST, EQ, 14-Jul-2026,98.18,97.2,97.89,95.0,95.01,95.39,96.44,4166,4.02,230, 2863, 68.72
THEJO, EQ, 14-Jul-2026,1885.6,1877.8,1890.9,1861.0,1883.0,1869.5,1869.51,3271,61.15,379, 2351, 71.87
THELEELA, EQ, 14-Jul-2026,501.2,500.0,500.95,488.05,498.0,493.6,492.64,192342,947.56,10914, 95324, 49.56
THEMISMED, EQ, 14-Jul-2026,116.17,116.38,121.0,113.61,117.0,116.88,117.58,163138,191.82,4752, 35854, 21.98
THERMAX, EQ, 14-Jul-2026,4663.5,4638.5,4653.0,4358.5,4380.5,4379.5,4420.46,449617,19875.16,51623, 214799, 47.77
THESL, ST, 14-Jul-2026,16.5,17.3,17.3,17.3,17.3,17.3,17.3,36000,6.23,8, 36000, 100.00
THOMASCOOK, EQ, 14-Jul-2026,104.43,104.4,104.55,101.74,102.79,102.41,102.89,704647,724.99,3770, 425166, 60.34
THOMASCOTT, EQ, 14-Jul-2026,334.8,336.45,336.45,318.5,322.4,320.85,324.54,22594,73.33,1218, 14778, 65.41
THYROCARE, EQ, 14-Jul-2026,510.15,506.05,544.4,506.05,538.0,540.45,533.28,750928,4004.56,27100, 187761, 25.00
TI, EQ, 14-Jul-2026,450.95,450.0,453.45,443.65,446.5,445.65,448.33,163084,731.15,7451, 93462, 57.31
TICL, EQ, 14-Jul-2026,12.3,12.75,12.91,11.69,11.69,11.82,12.49,1058095,132.19,1467, 673619, 63.66
TIGERLOGS, BE, 14-Jul-2026,33.0,32.51,33.9,32.51,32.72,32.72,33.06,10165,3.36,81, -, -
TIIL, EQ, 14-Jul-2026,2465.4,2441.1,2499.0,2436.7,2489.0,2467.0,2455.94,2661,65.35,789, 1139, 42.80
TIINDIA, EQ, 14-Jul-2026,2921.1,2910.9,2929.0,2821.6,2923.5,2916.1,2876.89,211161,6074.86,26109, 68380, 32.38
TIJARIA, EQ, 14-Jul-2026,4.37,4.48,4.53,4.11,4.24,4.23,4.33,39413,1.71,126, 11101, 28.17
TIL, EQ, 14-Jul-2026,214.93,215.0,217.05,208.2,209.4,209.28,212.09,119620,253.7,2542, 49282, 41.20
TIMESCAN, SM, 14-Jul-2026,42.45,44.55,44.55,44.55,44.55,44.55,44.55,2000,0.89,1, 2000, 100.00
TIMETECHNO, EQ, 14-Jul-2026,187.1,185.99,189.0,180.6,181.0,181.11,185.28,2830333,5244.12,22313, 785838, 27.76
TIMEX, EQ, 14-Jul-2026,576.75,574.0,574.0,540.9,547.0,547.4,553.53,370421,2050.38,19234, 178857, 48.28
TIMKEN, EQ, 14-Jul-2026,3175.4,3193.4,3200.0,3140.0,3147.5,3144.8,3159.66,58475,1847.61,15679, 28151, 48.14
TINNARUBR, EQ, 14-Jul-2026,996.2,999.0,1018.0,972.5,996.0,981.2,986.35,62127,612.79,4497, 33430, 53.81
TIPSFILMS, EQ, 14-Jul-2026,329.95,329.95,332.95,322.4,325.55,325.65,329.24,2400,7.9,115, 1881, 78.38
TIPSMUSIC, EQ, 14-Jul-2026,713.75,716.0,724.75,699.0,704.6,703.8,708.06,149425,1058.02,8782, 58302, 39.02
TIRUMALCHM, EQ, 14-Jul-2026,164.39,164.1,169.63,162.0,163.0,162.93,163.64,472196,772.7,4424, 296076, 62.70
TIRUPATIFL, EQ, 14-Jul-2026,69.07,68.5,70.79,68.0,69.3,68.39,69.4,524283,363.88,3351, 252176, 48.10
TITAGARH, EQ, 14-Jul-2026,849.3,852.0,868.4,834.55,856.0,858.7,852.94,684248,5836.21,32742, 148342, 21.68
TITAN, EQ, 14-Jul-2026,4601.5,4579.8,4600.0,4554.0,4571.6,4573.7,4576.88,631158,28887.33,57274, 413121, 65.45
TMB, EQ, 14-Jul-2026,801.1,799.0,800.95,777.15,783.0,780.35,786.63,98226,772.68,8823, 48642, 49.52
TMCV, EQ, 14-Jul-2026,420.75,418.3,421.4,414.0,417.2,417.4,417.79,8267709,34541.77,136889, 5402723, 65.35
TMPV, EQ, 14-Jul-2026,342.25,340.05,340.75,332.55,333.2,333.35,335.14,8043834,26957.82,105350, 4088826, 50.83
TNIDETF, EQ, 14-Jul-2026,85.18,85.6,85.69,83.63,84.55,84.49,84.94,76238,64.75,581, 50778, 66.60
TNPETRO, EQ, 14-Jul-2026,97.77,96.79,97.77,95.01,95.1,95.4,96.24,65800,63.33,831, 32698, 49.69
TNPL, EQ, 14-Jul-2026,145.32,145.9,146.24,143.5,144.8,143.83,144.51,33267,48.07,927, 19153, 57.57
TNTELE, EQ, 14-Jul-2026,9.46,9.45,9.55,9.1,9.35,9.22,9.28,13620,1.26,103, 10870, 79.81
TOKYOPLAST, BE, 14-Jul-2026,84.06,84.0,88.26,84.0,85.0,85.0,86.68,1062,0.92,17, -, -
TOLINS, EQ, 14-Jul-2026,104.04,104.0,105.14,102.16,103.02,103.33,103.15,38273,39.48,936, 22120, 57.80
TOP100CASE, EQ, 14-Jul-2026,10.57,10.4,10.64,10.4,10.56,10.52,10.54,363214,38.28,1023, 238752, 65.73
TOP10ADD, EQ, 14-Jul-2026,87.83,87.83,87.99,87.19,87.99,87.64,87.53,123792,108.36,609, 80748, 65.23
TOP15IETF, EQ, 14-Jul-2026,9.86,9.86,9.92,9.76,9.76,9.79,9.79,35255,3.45,193, 20508, 58.17
TOP20, EQ, 14-Jul-2026,8.81,8.81,8.99,8.72,8.73,8.72,8.74,76549,6.69,149, 75448, 98.56
TORNTPHARM, EQ, 14-Jul-2026,4951.1,4940.0,5010.0,4916.4,4974.0,4973.5,4983.17,794164,39574.56,66586, 524691, 66.07
TORNTPOWER, EQ, 14-Jul-2026,1441.9,1450.0,1474.0,1435.0,1465.0,1465.3,1460.82,384797,5621.21,24901, 225574, 58.62
TOTAL, EQ, 14-Jul-2026,54.0,54.0,54.89,53.0,53.0,53.01,53.24,542,0.29,33, 517, 95.39
TOUCHWOOD, EQ, 14-Jul-2026,70.32,70.39,71.65,67.8,67.81,68.41,69.07,874,0.6,73, 697, 79.75
TPHQ, EQ, 14-Jul-2026,0.45,0.45,0.46,0.44,0.45,0.44,0.45,766665,3.43,301, 528985, 69.00
TPLPLASTEH, EQ, 14-Jul-2026,82.73,82.73,83.69,80.0,80.0,80.5,81.66,126986,103.7,2787, 38878, 30.62
TRACXN, EQ, 14-Jul-2026,30.45,30.45,30.56,29.62,29.7,29.76,30.0,84132,25.24,891, 51379, 61.07
TRANSPEK, EQ, 14-Jul-2026,973.2,980.9,986.7,952.3,975.3,967.45,973.23,5130,49.93,591, 3315, 64.62
TRANSRAILL, EQ, 14-Jul-2026,506.4,500.0,503.65,497.1,500.1,498.6,499.5,282496,1411.08,9373, 136305, 48.25
TRANSTEEL, SM, 14-Jul-2026,114.05,114.2,119.7,114.2,119.0,119.0,116.57,33000,38.47,31, 19000, 57.58
TRANSWORLD, BE, 14-Jul-2026,159.01,161.9,161.9,156.0,157.04,157.04,158.57,2501,3.97,49, -, -
TRAVELFOOD, EQ, 14-Jul-2026,1337.8,1335.0,1335.0,1293.0,1320.0,1319.9,1310.38,32796,429.75,3224, 17500, 53.36
TREEHOUSE, EQ, 14-Jul-2026,6.47,6.7,6.7,6.4,6.46,6.46,6.61,21903,1.45,86, 17226, 78.65
TREJHARA, EQ, 14-Jul-2026,141.24,142.1,142.5,133.83,137.85,135.34,137.85,7918,10.92,295, 5295, 66.87
TREL, EQ, 14-Jul-2026,25.5,25.54,25.99,25.19,25.3,25.26,25.43,37419,9.52,441, 23968, 64.05
TRENT, EQ, 14-Jul-2026,2900.1,2900.0,2900.0,2855.2,2866.3,2869.1,2870.77,784332,22516.36,65278, 352633, 44.96
TRF, EQ, 14-Jul-2026,240.63,241.0,276.3,236.0,253.0,252.43,257.0,186458,479.2,5284, 58799, 31.53
TRIDENT, EQ, 14-Jul-2026,25.74,25.7,25.74,25.21,25.25,25.28,25.41,3278339,832.87,12249, 1228502, 37.47
TRIDHYA, ST, 14-Jul-2026,10.15,10.15,10.5,10.15,10.5,10.5,10.33,6000,0.62,2, 6000, 100.00
TRIGYN, EQ, 14-Jul-2026,58.89,59.95,60.89,56.5,56.51,56.95,59.08,67448,39.85,1342, 35056, 51.97
TRITURBINE, EQ, 14-Jul-2026,616.7,616.65,616.65,597.2,607.95,607.65,605.46,705061,4268.86,26413, 292228, 41.45
TRIVENI, EQ, 14-Jul-2026,477.15,477.9,490.1,471.5,471.55,472.25,477.49,864740,4129.04,26083, 431175, 49.86
TROM, ST, 14-Jul-2026,63.65,60.5,61.0,60.5,60.5,60.5,60.54,7200,4.36,12, 7200, 100.00
TRU, EQ, 14-Jul-2026,5.2,5.2,5.28,5.14,5.2,5.15,5.19,71563,3.71,164, 51473, 71.93
TRUALT, EQ, 14-Jul-2026,435.45,432.0,443.7,421.95,425.25,425.65,429.53,223187,958.66,8702, 130489, 58.47
TRUST, SM, 14-Jul-2026,29.4,30.3,30.3,28.05,28.5,28.5,28.85,6000,1.73,9, 5400, 90.00
TSC, SM, 14-Jul-2026,28.2,27.2,27.2,27.2,27.2,27.2,27.2,2000,0.54,1, 2000, 100.00
TSFINV, EQ, 14-Jul-2026,480.75,480.0,493.45,474.0,474.45,475.05,476.08,50810,241.89,2782, 30654, 60.33
TTKHLTCARE, EQ, 14-Jul-2026,993.3,1012.0,1040.0,965.0,990.0,989.0,1001.58,39037,390.99,2336, 28255, 72.38
TTKPRESTIG, EQ, 14-Jul-2026,665.65,668.0,673.65,658.05,667.4,664.7,666.31,69429,462.61,5897, 31906, 45.95
TTL, EQ, 14-Jul-2026,6.74,6.61,6.79,6.6,6.66,6.64,6.62,46977,3.11,92, 37153, 79.09
TTML, EQ, 14-Jul-2026,41.12,41.11,41.28,40.5,40.52,40.61,40.74,976307,397.78,7104, 512377, 52.48
TUNWAL, SM, 14-Jul-2026,25.9,26.05,27.0,25.85,25.85,25.85,26.12,142000,37.08,49, 80000, 56.34
TURTLEMINT, EQ, 14-Jul-2026,136.18,136.0,140.9,135.52,136.65,136.91,137.97,798316,1101.44,18239, 312047, 39.09
TVSELECT, EQ, 14-Jul-2026,513.8,511.0,538.3,506.05,513.0,515.0,523.33,261569,1368.87,11592, 45789, 17.51
TVSHLTD, EQ, 14-Jul-2026,14210.0,14040.0,14203.0,14001.0,14048.0,14060.0,14057.43,1792,251.91,756, 756, 42.19
TVSINVIT, IV, 14-Jul-2026,116.95,116.95,116.95,116.95,116.95,116.95,116.95,200000,233.9,1, 200000, 100.00
TVSMOTOR, EQ, 14-Jul-2026,3676.9,3640.0,3655.0,3589.7,3607.7,3608.4,3605.68,636848,22962.68,44385, 390495, 61.32
TVSSCS, EQ, 14-Jul-2026,138.03,138.05,140.5,137.63,139.0,139.48,138.99,460299,639.79,6176, 228614, 49.67
TVSSRICHAK, EQ, 14-Jul-2026,4159.7,4159.7,4167.8,4080.0,4145.0,4136.1,4120.28,1873,77.17,615, 1025, 54.73
TVTODAY, EQ, 14-Jul-2026,121.24,121.67,123.5,119.1,119.1,119.99,121.62,22651,27.55,585, 8927, 39.41
TVVISION, EQ, 14-Jul-2026,4.93,5.09,5.09,4.93,5.04,5.04,5.0,5089,0.25,27, 2588, 50.85
TWCGOLDETF, EQ, 14-Jul-2026,140.77,140.5,140.63,139.67,140.32,140.21,140.19,1220,1.71,133, 1033, 84.67
UBL, EQ, 14-Jul-2026,1334.4,1334.4,1366.7,1330.4,1343.2,1348.7,1353.23,118413,1602.41,13039, 50240, 42.43
UCAL, EQ, 14-Jul-2026,119.54,119.54,122.64,117.1,118.0,117.99,119.11,7092,8.45,280, 4420, 62.32
UCL, ST, 14-Jul-2026,190.15,186.35,186.35,186.35,186.35,186.35,186.35,2000,3.73,1, 2000, 100.00
UCOBANK, EQ, 14-Jul-2026,26.47,26.47,26.47,26.02,26.15,26.19,26.19,4091193,1071.65,11312, 1646024, 40.23
UDS, EQ, 14-Jul-2026,196.44,196.2,196.2,190.0,190.39,190.5,192.22,72226,138.83,1735, 44101, 61.06
UEL, EQ, 14-Jul-2026,128.36,130.85,130.85,127.05,127.1,127.36,128.27,2450,3.14,135, 1472, 60.08
UFBL, EQ, 14-Jul-2026,741.4,759.0,759.0,726.05,750.0,739.95,739.37,82583,610.59,5296, 38120, 46.16
UFLEX, EQ, 14-Jul-2026,453.55,453.55,455.85,442.0,442.35,444.95,447.5,25282,113.14,1132, 19030, 75.27
UFO, EQ, 14-Jul-2026,70.52,70.36,70.36,68.43,69.3,69.32,69.1,55062,38.05,967, 25874, 46.99
UGARSUGAR, EQ, 14-Jul-2026,40.31,40.36,40.88,39.31,39.83,39.71,39.9,81001,32.32,1236, 46643, 57.58
UGROCAP, EQ, 14-Jul-2026,97.83,97.43,98.48,95.24,96.0,95.63,96.52,178673,172.45,3465, 103527, 57.94
UHTL, ST, 14-Jul-2026,107.15,105.05,109.25,105.05,106.0,106.0,106.41,164000,174.51,51, 162000, 98.78
UJJIVANSFB, EQ, 14-Jul-2026,66.87,66.21,67.45,64.78,65.11,65.14,65.72,22162531,14564.5,75956, 9470607, 42.73
ULTRACEMCO, EQ, 14-Jul-2026,11571.0,11462.0,11543.0,11355.0,11455.0,11496.0,11460.47,404659,46375.83,49243, 276817, 68.41
ULTRAMAR, EQ, 14-Jul-2026,395.45,387.25,393.9,373.55,388.0,387.15,386.34,28788,111.22,4566, 10451, 36.30
UMA, SM, 14-Jul-2026,17.7,17.15,17.15,17.05,17.05,17.05,17.1,8000,1.37,2, 8000, 100.00
UMAEXPORTS, BE, 14-Jul-2026,21.65,21.22,22.0,21.22,21.74,21.78,21.72,22856,4.96,84, -, -
UMESLTD, EQ, 14-Jul-2026,5.82,5.97,5.97,5.53,5.85,5.82,5.68,62858,3.57,103, 39672, 63.11
UMIYA-MRO, EQ, 14-Jul-2026,89.99,89.99,91.15,88.0,89.85,89.57,89.01,14018,12.48,464, 9289, 66.26
UNICHEMLAB, EQ, 14-Jul-2026,596.95,588.0,622.65,575.0,579.0,581.35,596.02,360603,2149.28,15892, 68709, 19.05
UNIDT, BE, 14-Jul-2026,226.12,234.98,234.98,217.0,228.5,224.11,224.47,4701,10.55,71, -, -
UNIECOM, EQ, 14-Jul-2026,88.16,88.79,88.79,85.61,86.16,86.19,86.71,370810,321.53,3701, 209649, 56.54
UNIENTER, EQ, 14-Jul-2026,108.03,110.75,110.75,107.0,107.9,107.93,108.08,20759,22.44,225, 17840, 85.94
UNIHEALTH, SM, 14-Jul-2026,739.95,725.9,740.0,711.5,713.05,716.8,721.61,11000,79.38,21, 9000, 81.82
UNIINFO, BE, 14-Jul-2026,12.14,11.65,12.35,11.54,11.54,11.8,11.71,3195,0.37,32, -, -
UNIMECH, EQ, 14-Jul-2026,1173.8,1153.7,1223.2,1153.7,1199.5,1202.4,1197.12,155983,1867.3,12954, 66146, 42.41
UNIONBANK, EQ, 14-Jul-2026,170.39,170.0,171.42,167.18,170.85,170.67,169.54,15703329,26623.29,65858, 5142692, 32.75
UNIONGOLD, EQ, 14-Jul-2026,138.25,138.65,139.25,137.1,137.6,137.55,137.56,2425,3.34,48, 1146, 47.26
UNIPARTS, EQ, 14-Jul-2026,694.8,690.0,693.85,675.05,684.0,678.75,682.42,134143,915.42,5398, 65811, 49.06
UNITDSPR, EQ, 14-Jul-2026,1373.4,1373.0,1390.6,1367.1,1387.0,1386.3,1381.84,565373,7812.53,33300, 341604, 60.42
UNITECH, EQ, 14-Jul-2026,4.59,4.55,4.61,4.55,4.57,4.55,4.56,1640408,74.85,1349, 1282738, 78.20
UNITEDPOLY, BE, 14-Jul-2026,31.48,31.49,32.0,30.2,31.4,31.07,30.92,9671,2.99,67, -, -
UNITEDTEA, EQ, 14-Jul-2026,469.0,461.3,475.9,461.3,467.0,467.4,466.9,6403,29.9,119, 5431, 84.82
UNIVASTU, BE, 14-Jul-2026,104.49,104.49,109.0,100.0,108.9,108.36,106.7,176387,188.21,1278, -, -
UNIVCABLES, EQ, 14-Jul-2026,1164.2,1174.5,1223.8,1130.0,1218.9,1212.0,1187.42,157422,1869.26,11124, 73905, 46.95
UNIVPHOTO, BE, 14-Jul-2026,367.6,370.0,385.95,370.0,383.0,385.2,384.17,1273,4.89,48, -, -
UNOMINDA, EQ, 14-Jul-2026,1152.3,1152.3,1152.3,1119.0,1140.1,1137.0,1129.1,980807,11074.31,37938, 588391, 59.99
UPL, EQ, 14-Jul-2026,591.75,591.7,594.8,583.95,594.8,593.15,590.0,1068690,6305.24,24571, 580516, 54.32
URAVIDEF, BE, 14-Jul-2026,118.86,118.86,118.86,114.0,115.9,116.79,116.19,5339,6.2,120, -, -
URBAN, SM, 14-Jul-2026,126.05,125.0,132.55,123.3,132.5,131.8,129.64,36800,47.71,43, 31200, 84.78
URBANCO, EQ, 14-Jul-2026,133.07,133.5,136.99,131.23,131.23,132.01,133.56,2461616,3287.66,30567, 964527, 39.18
URJA, EQ, 14-Jul-2026,9.62,9.58,10.0,9.4,9.44,9.54,9.47,808675,76.62,2721, 410492, 50.76
USASEEDS, SM, 14-Jul-2026,93.0,88.35,88.35,88.35,88.35,88.35,88.35,428,0.38,1, 428, 100.00
USHAFIN, SM, 14-Jul-2026,34.35,32.85,32.85,32.8,32.8,32.8,32.83,3200,1.05,2, 3200, 100.00
USHAMART, EQ, 14-Jul-2026,510.15,512.65,516.8,493.3,496.55,497.1,501.33,618554,3100.99,15908, 391427, 63.28
USK, EQ, 14-Jul-2026,22.4,22.4,22.89,22.0,22.1,22.13,22.25,17466,3.89,108, 13928, 79.74
UTIAMC, EQ, 14-Jul-2026,1028.0,980.1,989.05,971.2,985.0,985.8,981.35,512685,5031.26,18033, 232639, 45.38
UTKAL, SM, 14-Jul-2026,24.9,26.1,26.1,25.0,26.1,26.1,25.93,208000,53.94,77, 146000, 70.19
UTKARSHBNK, EQ, 14-Jul-2026,15.2,15.06,15.7,14.95,15.0,14.98,15.32,15564560,2384.91,24526, 7090838, 45.56
UTLSOLAR, EQ, 14-Jul-2026,401.1,400.0,400.0,381.05,381.05,383.3,386.19,824482,3184.1,15170, 347752, 42.18
UTSSAV, ST, 14-Jul-2026,476.95,500.75,500.75,500.75,500.75,500.75,500.75,47400,237.36,52, 47400, 100.00
UTTAMSUGAR, EQ, 14-Jul-2026,237.25,237.25,242.0,232.0,234.0,234.06,235.42,90158,212.25,2111, 34816, 38.62
UWCSL, SM, 14-Jul-2026,101.9,100.95,100.95,100.95,100.95,100.95,100.95,3000,3.03,2, 3000, 100.00
UYFINCORP, EQ, 14-Jul-2026,16.7,16.9,16.9,15.62,16.51,16.43,16.42,432593,71.04,517, 349973, 80.90
V2RETAIL, EQ, 14-Jul-2026,223.1,224.19,224.19,218.6,221.2,220.79,220.93,763008,1685.68,19898, 466674, 61.16
VADILALIND, EQ, 14-Jul-2026,6428.5,6401.0,6874.0,6376.0,6796.5,6806.5,6700.89,53534,3587.25,11599, 19268, 35.99
VAIBHAVGBL, EQ, 14-Jul-2026,255.88,255.1,258.84,250.0,250.75,251.17,253.25,330773,837.69,6454, 147541, 44.60
VAISHALI, BE, 14-Jul-2026,7.93,8.0,8.15,7.9,7.96,8.04,7.98,86268,6.88,193, -, -
VAKRANGEE, EQ, 14-Jul-2026,6.12,6.13,6.13,5.99,6.01,6.02,6.04,1150034,69.5,1336, 729262, 63.41
VAL30IETF, EQ, 14-Jul-2026,15.38,15.37,15.37,15.21,15.26,15.24,15.25,104351,15.91,638, 77075, 73.86
VALIANTLAB, BE, 14-Jul-2026,63.75,63.5,64.5,61.51,63.8,63.4,62.91,11512,7.24,70, -, -
VALIANTORG, BE, 14-Jul-2026,276.6,277.95,277.95,274.0,277.0,274.2,275.14,5433,14.95,116, -, -
VALUE, EQ, 14-Jul-2026,16.19,16.38,16.38,16.04,16.08,16.08,16.08,21099,3.39,168, 21098, 100.00
VALUE360, SM, 14-Jul-2026,84.45,85.15,85.15,80.0,81.0,80.4,81.08,58800,47.68,37, 31200, 53.06
VALUEAXIS, EQ, 14-Jul-2026,32.86,33.68,33.68,32.62,32.7,32.66,32.77,38101,12.49,320, 21625, 56.76
VAML, EQ, 14-Jul-2026,450.95,447.05,461.4,445.5,453.95,454.7,455.47,11803068,53759.32,172152, 5833183, 49.42
VARDHACRLC, BE, 14-Jul-2026,44.29,43.81,44.84,43.5,43.99,43.98,44.23,13799,6.1,182, -, -
VARDMNPOLY, EQ, 14-Jul-2026,6.66,6.6,6.77,6.41,6.63,6.59,6.59,62375,4.11,232, 31708, 50.83
VARROC, EQ, 14-Jul-2026,659.85,657.7,672.1,652.0,662.5,666.7,662.87,103240,684.35,7690, 49664, 48.11
VASCONEQ, BE, 14-Jul-2026,32.38,32.39,32.39,31.5,32.24,32.21,31.9,111596,35.6,560, -, -
VASWANI, EQ, 14-Jul-2026,53.8,54.59,54.59,53.21,53.5,53.32,53.55,11670,6.25,181, 9623, 82.46
VBL, EQ, 14-Jul-2026,469.1,468.0,474.3,465.5,470.95,470.25,469.54,7372887,34618.86,83022, 4579251, 62.11
VCL, EQ, 14-Jul-2026,1.26,1.26,1.3,1.24,1.24,1.25,1.26,138441,1.75,209, 106348, 76.82
VDEAL, SM, 14-Jul-2026,159.75,156.55,157.5,156.55,157.5,157.5,157.03,1200,1.88,2, 1200, 100.00
VEDL, EQ, 14-Jul-2026,269.65,269.65,270.95,266.2,267.55,267.7,267.91,11000576,29471.54,104631, 5679659, 51.63
VEDPOWER, EQ, 14-Jul-2026,41.43,41.41,41.41,40.0,40.08,40.04,40.59,30277448,12288.42,79573, 16757759, 55.35
VEEDOL, EQ, 14-Jul-2026,1449.9,1433.9,1459.9,1426.1,1436.0,1435.4,1440.95,11023,158.84,1161, 6510, 59.06
VELJAN, BE, 14-Jul-2026,1692.2,1721.1,1776.8,1702.0,1764.0,1754.8,1772.83,1653,29.3,153, -, -
VENKEYS, EQ, 14-Jul-2026,1510.1,1520.0,1534.9,1492.0,1501.6,1502.4,1512.49,44070,666.55,4754, 18472, 41.92
VENTIVE, EQ, 14-Jul-2026,621.8,624.05,624.85,613.0,616.95,615.8,616.99,19167,118.26,926, 12864, 67.12
VENUSPIPES, EQ, 14-Jul-2026,1797.9,1787.0,1819.0,1758.0,1779.0,1770.9,1779.98,57174,1017.68,5443, 26850, 46.96
VENUSREM, BE, 14-Jul-2026,1805.4,1818.0,1895.6,1818.0,1895.6,1895.6,1884.69,65314,1230.97,1950, -, -
VERANDA, EQ, 14-Jul-2026,231.86,230.81,234.5,227.57,230.99,229.82,230.3,164195,378.15,3049, 98802, 60.17
VERTEXPLUS, SM, 14-Jul-2026,48.3,48.3,48.3,48.3,48.3,48.3,48.3,600,0.29,1, 600, 100.00
VERTIS, IV, 14-Jul-2026,110.0,110.05,110.5,110.05,110.5,110.5,110.15,625000,688.43,4, 625000, 100.00
VERTOZ, BE, 14-Jul-2026,38.31,39.24,40.0,38.01,39.27,39.04,39.1,43305,16.93,272, -, -
VESUVIUS, EQ, 14-Jul-2026,472.65,472.0,472.0,464.05,465.0,464.85,465.98,49519,230.75,1723, 38016, 76.77
VETO, BE, 14-Jul-2026,122.61,123.22,128.74,120.56,128.74,128.3,126.19,62267,78.58,425, -, -
VGINFOTECH, SM, 14-Jul-2026,139.5,138.0,149.0,138.0,148.0,146.6,144.05,54000,77.79,53, 41000, 75.93
VGL, EQ, 14-Jul-2026,63.28,62.44,63.95,62.0,62.0,62.26,62.92,16159,10.17,520, 7299, 45.17
VGUARD, EQ, 14-Jul-2026,304.3,304.3,305.0,300.25,301.4,300.95,301.59,160642,484.48,7208, 93624, 58.28
VHL, EQ, 14-Jul-2026,3517.5,3511.0,3564.0,3511.0,3528.7,3524.9,3549.23,256,9.09,43, 224, 87.50
VHLTD, BE, 14-Jul-2026,129.0,132.97,132.97,127.0,127.0,127.09,128.43,3485,4.48,53, -, -
VIAZ, SM, 14-Jul-2026,61.3,62.4,62.4,62.4,62.4,62.4,62.4,2000,1.25,1, 2000, 100.00
VICTORYEV, ST, 14-Jul-2026,17.15,17.5,17.5,16.35,16.45,16.45,16.64,21000,3.5,7, 21000, 100.00
VIDHIING, EQ, 14-Jul-2026,297.55,292.1,325.0,292.1,320.0,313.0,313.42,173116,542.59,3380, 121423, 70.14
VIDYAWIRES, EQ, 14-Jul-2026,96.35,97.0,97.0,94.5,95.12,95.19,95.08,537406,510.95,4879, 276693, 51.49
VIESL, SM, 14-Jul-2026,306.8,308.0,312.3,308.0,312.3,312.3,311.43,8800,27.41,9, 8000, 90.91
VIGOR, ST, 14-Jul-2026,105.75,102.25,104.45,100.5,104.45,104.45,102.74,12800,13.15,8, 11200, 87.50
VIJAYA, EQ, 14-Jul-2026,1388.8,1385.3,1391.0,1364.4,1375.2,1382.6,1380.08,173750,2397.89,14986, 82053, 47.22
VIJAYPD, SM, 14-Jul-2026,73.0,75.75,76.75,74.5,76.75,76.75,75.69,8000,6.06,4, 8000, 100.00
VIJIFIN, BE, 14-Jul-2026,7.8,7.95,7.95,7.95,7.95,7.95,7.95,134784,10.72,85, -, -
VIKASECO, EQ, 14-Jul-2026,1.22,1.22,1.23,1.18,1.2,1.19,1.21,1674284,20.19,854, 921129, 55.02
VIKASLIFE, EQ, 14-Jul-2026,1.4,1.41,1.42,1.39,1.4,1.39,1.4,1405759,19.71,9337, 878072, 62.46
VIKRAMSOLR, EQ, 14-Jul-2026,195.24,195.05,195.05,190.05,192.0,191.35,191.73,1870294,3585.84,19573, 900217, 48.13
VIKRAN, EQ, 14-Jul-2026,75.09,74.6,75.0,73.05,73.23,73.35,73.71,1939751,1429.73,9135, 989618, 51.02
VILAS, SM, 14-Jul-2026,381.6,383.0,390.0,364.5,380.05,382.0,380.4,39000,148.35,111, 24500, 62.82
VILINBIO, SM, 14-Jul-2026,46.5,44.25,44.25,44.25,44.25,44.25,44.25,4000,1.77,1, 4000, 100.00
VIMTALABS, EQ, 14-Jul-2026,556.3,555.0,562.95,547.15,553.0,553.05,554.76,118919,659.71,6366, 54519, 45.85
VINATIORGA, EQ, 14-Jul-2026,1334.6,1341.8,1341.8,1310.5,1324.9,1314.7,1321.32,26735,353.26,3531, 14543, 54.40
VINCOFE, EQ, 14-Jul-2026,165.41,165.78,165.78,157.76,160.6,160.11,160.8,1949660,3135.13,14494, 678401, 34.80
VINDHYATEL, EQ, 14-Jul-2026,1951.7,1951.0,1951.0,1885.0,1909.9,1908.9,1914.96,46284,886.32,3240, 34160, 73.81
VINEETLAB, BE, 14-Jul-2026,33.79,34.7,35.19,32.35,34.7,34.63,33.76,42825,14.46,191, -, -
VINNY, EQ, 14-Jul-2026,1.06,1.06,1.08,1.05,1.06,1.06,1.06,97783,1.04,142, 76430, 78.16
VINSYS, ST, 14-Jul-2026,503.0,503.0,506.4,500.05,500.05,500.05,503.65,2500,12.59,10, 2500, 100.00
VINYAS, SM, 14-Jul-2026,1314.35,1314.4,1335.0,1300.0,1310.05,1312.1,1312.8,11800,154.91,66, 9700, 82.20
VINYLINDIA, EQ, 14-Jul-2026,253.5,253.5,255.3,248.1,254.35,251.0,251.45,9824,24.7,380, 6243, 63.55
VIPCLOTHNG, BE, 14-Jul-2026,23.66,23.66,23.73,22.55,22.99,23.0,22.94,92926,21.32,241, -, -
VIPIND, EQ, 14-Jul-2026,300.25,300.4,301.0,291.55,294.4,294.0,294.38,283127,833.48,5188, 170168, 60.10
VIPULLTD, BE, 14-Jul-2026,17.81,18.19,18.6,17.05,17.78,17.7,18.29,1642523,300.5,3327, -, -
VIRINCHI, EQ, 14-Jul-2026,15.97,15.9,16.44,15.55,15.89,15.79,15.99,62651,10.02,179, 51404, 82.05
VISACHROME, BE, 14-Jul-2026,41.03,41.03,41.03,40.0,40.21,40.24,40.29,3484,1.4,29, -, -
VISAKAIND, EQ, 14-Jul-2026,85.55,84.9,85.95,83.3,83.61,84.01,84.57,163786,138.51,2353, 98647, 60.23
VISHNU, EQ, 14-Jul-2026,601.8,598.8,614.45,596.25,612.35,612.15,604.99,79370,480.18,3917, 53408, 67.29
VISHWARAJ, EQ, 14-Jul-2026,5.42,5.49,5.5,5.4,5.42,5.4,5.42,73930,4.01,244, 63565, 85.98
VISHWAS, ST, 14-Jul-2026,50.25,47.75,48.0,47.75,48.0,48.0,47.92,4800,2.3,3, 4800, 100.00
VISL, EQ, 14-Jul-2026,36.41,36.9,37.27,34.75,35.23,35.07,35.97,83305485,29965.69,125856, 31683241, 38.03
VITAL, BE, 14-Jul-2026,53.92,52.85,52.85,52.85,52.85,52.85,52.85,50,0.03,1, -, -
VIVIANA, BE, 14-Jul-2026,792.75,790.95,799.0,776.0,776.0,780.1,785.14,11430,89.74,347, -, -
VIVIDEL, ST, 14-Jul-2026,1242.35,1304.45,1304.45,1290.0,1304.45,1304.45,1303.51,29040,378.54,99, 25200, 86.78
VIVIDHA, EQ, 14-Jul-2026,0.52,0.52,0.52,0.51,0.51,0.51,0.51,125162,0.64,117, 102114, 81.59
VIVIMEDLAB, BE, 14-Jul-2026,5.36,5.15,5.4,5.15,5.3,5.25,5.23,75409,3.95,134, -, -
VIYASH, EQ, 14-Jul-2026,284.35,282.9,283.35,278.0,278.4,278.9,280.13,771203,2160.35,14074, 419866, 54.44
VLEGOV, BE, 14-Jul-2026,11.69,11.99,12.27,11.97,12.27,12.27,12.24,155312,19.01,314, -, -
VLSFINANCE, EQ, 14-Jul-2026,255.55,259.0,259.0,252.4,255.0,254.45,254.6,6294,16.02,255, 5070, 80.55
VMARCIND, SM, 14-Jul-2026,275.45,276.05,289.0,276.0,286.0,283.8,282.8,550500,1556.81,330, 301500, 54.77
VMART, EQ, 14-Jul-2026,767.9,765.0,767.65,742.05,748.25,749.9,750.24,191957,1440.14,8185, 142894, 74.44
VMM, EQ, 14-Jul-2026,116.21,116.15,116.77,113.83,114.0,114.28,114.6,16165170,18525.57,61436, 11253867, 69.62
VMOBILE, ST, 14-Jul-2026,120.05,114.05,114.05,114.05,114.05,114.05,114.05,800,0.91,1, 800, 100.00
VMSTMT, BE, 14-Jul-2026,45.99,45.99,45.99,43.85,45.45,44.86,44.69,36377,16.26,215, -, -
VOEPL, EQ, 14-Jul-2026,437.35,447.0,459.95,435.0,437.3,439.1,446.23,52739,235.34,2213, 27140, 51.46
VOGL, EQ, 14-Jul-2026,38.97,39.11,39.49,37.28,37.93,37.82,37.99,50184285,19063.9,90531, 18014360, 35.90
VOLERCAR, SM, 14-Jul-2026,227.6,222.05,222.05,221.5,221.5,221.5,221.78,1600,3.55,2, 800, 50.00
VOLTAMP, EQ, 14-Jul-2026,9471.0,9438.0,9494.0,9270.0,9318.0,9300.0,9313.6,48618,4528.09,14883, 29993, 61.69
VOLTAS, EQ, 14-Jul-2026,1349.5,1346.7,1363.2,1329.1,1359.9,1358.9,1351.71,676554,9145.07,31359, 258132, 38.15
VPRPL, BE, 14-Jul-2026,26.54,26.54,26.54,26.45,26.5,26.5,26.48,87142,23.07,259, -, -
VR, SM, 14-Jul-2026,100.9,98.0,98.0,98.0,98.0,98.0,98.0,8000,7.84,1, 8000, 100.00
VRAJ, EQ, 14-Jul-2026,119.55,119.55,141.8,119.55,133.01,133.26,134.39,607292,816.11,9415, 149891, 24.68
VRLLOG, EQ, 14-Jul-2026,230.97,232.69,232.69,229.0,230.0,230.01,230.41,53223,122.63,2779, 34175, 64.21
VSSL, EQ, 14-Jul-2026,295.2,296.6,299.0,287.8,296.0,295.6,293.97,133305,391.88,4787, 57900, 43.43
VSTIND, EQ, 14-Jul-2026,241.05,240.95,240.95,236.7,238.15,237.95,238.06,327055,778.59,5361, 172151, 52.64
VSTL, EQ, 14-Jul-2026,112.52,112.52,114.9,111.41,112.0,112.24,113.12,10640,12.04,274, 8120, 76.32
VSTTILLERS, EQ, 14-Jul-2026,4673.0,4649.7,4649.7,4567.1,4573.4,4577.8,4591.89,4435,203.65,1485, 2699, 60.86
VTL, EQ, 14-Jul-2026,650.65,648.0,659.0,640.05,646.0,643.55,649.19,169892,1102.92,9848, 61523, 36.21
WAAREEENER, EQ, 14-Jul-2026,2880.2,2847.9,2854.2,2809.3,2810.0,2820.1,2825.84,791107,22355.42,44337, 348494, 44.05
WAAREEINDO, EQ, 14-Jul-2026,398.9,398.9,399.9,385.25,391.5,388.25,390.94,24835,97.09,1260, 15943, 64.20
WAAREERTL, EQ, 14-Jul-2026,1007.2,1000.0,1002.0,987.9,995.0,994.9,993.71,126937,1261.39,8242, 54758, 43.14
WABAG, EQ, 14-Jul-2026,2205.7,2190.0,2191.0,2110.1,2120.0,2120.0,2143.11,570657,12229.82,34776, 223134, 39.10
WAKEFIT, EQ, 14-Jul-2026,133.04,133.87,133.87,129.3,130.3,130.16,130.57,347663,453.96,6623, 206516, 59.40
WALCHANNAG, EQ, 14-Jul-2026,256.85,255.85,255.85,246.8,249.0,249.5,249.95,944018,2359.58,11448, 415432, 44.01
WALPAR, SM, 14-Jul-2026,34.5,34.5,34.5,34.5,34.5,34.5,34.5,2000,0.69,1, 2000, 100.00
WANBURY, EQ, 14-Jul-2026,300.45,301.7,349.95,300.0,339.8,336.0,337.51,7640235,25786.48,142535, 1245911, 16.31
WCIL, EQ, 14-Jul-2026,96.47,96.47,96.75,95.05,95.7,95.48,95.73,28355,27.14,892, 19610, 69.16
WEALTH, EQ, 14-Jul-2026,958.5,958.5,969.5,935.0,935.0,942.7,946.62,1376,13.03,203, 1123, 81.61
WEBELSOLAR, EQ, 14-Jul-2026,99.67,99.38,99.53,97.75,98.94,98.32,98.53,1077217,1061.4,8420, 639878, 59.40
WEIZMANIND, EQ, 14-Jul-2026,80.13,82.0,82.0,78.0,78.9,78.91,80.29,5084,4.08,214, 3231, 63.55
WEL, EQ, 14-Jul-2026,101.75,101.31,103.0,101.25,101.26,101.39,101.77,53369,54.32,562, 26123, 48.95
WELCORP, EQ, 14-Jul-2026,1619.9,1637.2,1694.8,1635.0,1686.0,1683.4,1673.74,4340435,72647.77,138117, 1883413, 43.39
WELENT, EQ, 14-Jul-2026,614.95,627.0,630.0,611.0,620.1,618.7,619.28,580412,3594.4,15999, 251564, 43.34
WELINV, BE, 14-Jul-2026,1710.9,1718.0,1796.0,1710.2,1795.0,1794.6,1792.07,299,5.36,17, -, -
WELSPLSOL, EQ, 14-Jul-2026,52.19,52.22,53.99,51.5,53.9,53.16,52.7,348319,183.56,1926, 211680, 60.77
WELSPUNLIV, EQ, 14-Jul-2026,174.14,174.14,174.3,163.65,164.65,164.54,168.08,3843713,6460.56,35713, 1676399, 43.61
WENDT, EQ, 14-Jul-2026,7819.5,7800.0,7900.0,7707.0,7838.0,7826.5,7794.18,4249,331.17,1543, 2366, 55.68
WESTLIFE, EQ, 14-Jul-2026,499.25,499.25,499.35,480.5,480.5,482.15,484.56,45358,219.79,6709, 23172, 51.09
WEWIN, BE, 14-Jul-2026,47.82,46.99,47.5,46.7,46.7,46.71,47.1,1171,0.55,7, -, -
WEWORK, EQ, 14-Jul-2026,741.05,742.0,742.0,710.0,710.0,713.6,720.6,234699,1691.23,14480, 128243, 54.64
WHEELS, EQ, 14-Jul-2026,1489.6,1496.9,1496.9,1454.5,1477.8,1469.5,1464.29,77685,1137.53,6901, 40121, 51.65
WHIRLPOOL, EQ, 14-Jul-2026,790.35,791.0,792.0,780.0,782.75,782.75,783.81,153574,1203.72,10707, 94303, 61.41
WILLAMAGOR, EQ, 14-Jul-2026,25.51,26.4,26.97,25.76,25.9,26.13,26.63,2352,0.63,31, 2248, 95.58
WINDLAS, EQ, 14-Jul-2026,852.25,857.85,870.0,844.2,849.4,851.05,856.75,47670,408.41,2923, 27400, 57.48
WINDMACHIN, EQ, 14-Jul-2026,312.8,311.25,315.65,307.05,310.5,309.75,310.81,37225,115.7,1001, 22474, 60.37
WINNY, SM, 14-Jul-2026,39.2,37.25,37.25,37.25,37.25,37.25,37.25,500,0.19,1, 500, 100.00
WINSOL, SM, 14-Jul-2026,119.15,118.95,119.8,118.0,119.0,119.0,118.99,7600,9.04,14, 6400, 84.21
WINSOME, BZ, 14-Jul-2026,2.05,2.02,2.09,2.02,2.09,2.09,2.07,71729,1.49,36, -, -
WIPL, EQ, 14-Jul-2026,172.97,168.0,174.55,165.0,174.0,172.71,167.88,7271,12.21,109, 6282, 86.40
WIPRO, EQ, 14-Jul-2026,178.43,178.5,180.5,176.71,176.8,177.14,178.17,14461463,25766.54,102905, 6713764, 46.43
WOCKPHARMA, EQ, 14-Jul-2026,1854.5,1847.0,1857.0,1800.5,1853.5,1850.7,1830.8,627668,11491.35,27350, 241214, 38.43
WOL3D, ST, 14-Jul-2026,118.0,118.0,118.0,115.0,118.0,118.0,116.75,8000,9.34,8, 5000, 62.50
WOMANCART, SM, 14-Jul-2026,106.75,109.95,109.95,104.9,107.0,106.4,106.56,15600,16.62,34, 10800, 69.23
WONDERLA, EQ, 14-Jul-2026,472.45,472.0,477.8,468.1,470.0,470.25,470.82,29766,140.15,1861, 19916, 66.91
WORTHPERI, EQ, 14-Jul-2026,134.63,134.7,148.0,133.6,143.87,143.23,143.11,118413,169.47,923, 78751, 66.51
WPIL, EQ, 14-Jul-2026,461.75,464.1,468.9,456.0,461.0,460.0,460.89,16425,75.7,1208, 8856, 53.92
WSI, EQ, 14-Jul-2026,65.67,66.0,66.32,62.25,62.6,63.85,64.5,54871,35.39,1740, 15917, 29.01
WSTCSTPAPR, EQ, 14-Jul-2026,535.15,534.85,540.3,528.0,528.0,528.5,532.55,51564,274.6,2581, 29627, 57.46
WTICAB, SM, 14-Jul-2026,126.15,126.15,135.3,126.15,135.0,134.65,132.04,43000,56.78,79, 32000, 74.42
XCHANGING, EQ, 14-Jul-2026,66.04,65.05,66.39,64.64,65.14,65.0,65.26,106954,69.8,1273, 61028, 57.06
XELPMOC, EQ, 14-Jul-2026,83.4,82.5,84.99,81.0,83.94,82.62,82.59,7939,6.56,181, 6650, 83.76
XPROINDIA, EQ, 14-Jul-2026,1426.4,1419.0,1437.8,1394.9,1396.0,1400.5,1412.88,22988,324.79,2634, 11792, 51.30
XTGLOBAL, EQ, 14-Jul-2026,28.55,28.55,29.39,28.46,29.39,29.21,28.74,37602,10.81,616, 20064, 53.36
YAAP, ST, 14-Jul-2026,149.75,146.0,146.0,142.5,142.8,142.85,143.62,37000,53.14,37, 30000, 81.08
YASHO, EQ, 14-Jul-2026,2972.5,2972.5,3120.0,2945.5,3119.5,3091.0,3053.03,20193,616.5,2986, 10671, 52.85
YASHOPTICS, SM, 14-Jul-2026,119.05,119.5,120.0,119.5,119.5,119.5,119.67,2400,2.87,3, 2400, 100.00
YATHARTH, EQ, 14-Jul-2026,845.45,840.0,843.45,806.35,827.0,829.2,820.77,971620,7974.76,19765, 744379, 76.61
YATRA, EQ, 14-Jul-2026,114.12,113.2,114.0,109.78,110.25,110.31,111.18,1143839,1271.74,9136, 550747, 48.15
YESBANK, EQ, 14-Jul-2026,23.78,23.75,23.85,23.5,23.64,23.61,23.64,61791520,14604.96,65521, 32311887, 52.29
YUDIZ, SM, 14-Jul-2026,24.35,24.45,24.45,24.45,24.45,24.45,24.45,800,0.2,1, 800, 100.00
YUKEN, EQ, 14-Jul-2026,766.9,766.35,770.2,750.0,750.0,751.6,758.19,8379,63.53,356, 6891, 82.24
ZAGGLE, EQ, 14-Jul-2026,217.8,217.8,217.8,211.86,212.98,212.74,213.42,730579,1559.17,10394, 317793, 43.50
ZEAL, SM, 14-Jul-2026,68.65,65.0,66.0,65.0,65.6,65.6,65.33,3000,1.96,5, 1800, 60.00
ZEEL, EQ, 14-Jul-2026,101.33,101.4,105.79,99.7,103.23,103.12,103.71,36573941,37932.52,108412, 10575363, 28.92
ZEELEARN, BE, 14-Jul-2026,9.01,8.83,9.25,8.76,8.99,8.89,8.99,328195,29.5,383, -, -
ZEEMEDIA, EQ, 14-Jul-2026,8.31,8.3,8.48,8.21,8.26,8.25,8.32,628179,52.23,1180, 247455, 39.39
ZENITHDRUG, SM, 14-Jul-2026,52.5,52.45,52.45,52.45,52.45,52.45,52.45,1600,0.84,2, 1600, 100.00
ZENITHEXPO, EQ, 14-Jul-2026,201.0,201.0,201.0,199.39,199.4,199.39,199.78,96,0.19,12, 96, 100.00
ZENITHSTL, EQ, 14-Jul-2026,5.51,5.59,5.63,5.27,5.5,5.52,5.5,41529,2.28,169, 24358, 58.65
ZENSARTECH, EQ, 14-Jul-2026,540.2,545.55,558.0,523.1,526.95,527.9,541.25,12932690,69997.89,170434, 1624010, 12.56
ZENTEC, EQ, 14-Jul-2026,1831.1,1824.0,1827.5,1788.0,1795.0,1802.7,1799.12,274592,4940.25,15689, 90335, 32.90
ZFCVINDIA, EQ, 14-Jul-2026,2321.3,2322.0,2340.4,2301.0,2312.0,2313.2,2312.39,95634,2211.43,11811, 64252, 67.19
ZFSTEERING, EQ, 14-Jul-2026,670.7,667.0,700.65,666.7,682.95,687.7,683.14,6348,43.37,519, 3805, 59.94
ZIMLAB, BE, 14-Jul-2026,115.89,118.2,118.2,118.2,118.2,118.2,118.2,23749,28.07,46, -, -
ZODIAC, BE, 14-Jul-2026,273.8,272.0,272.8,265.15,266.15,266.25,267.89,7461,19.99,217, -, -
ZODIACLOTH, EQ, 14-Jul-2026,78.72,79.17,79.83,76.12,78.98,78.74,78.02,2588,2.02,121, 1731, 66.89
ZOTA, EQ, 14-Jul-2026,1437.2,1425.0,1431.9,1382.2,1383.3,1385.8,1406.79,48140,677.23,2801, 37181, 77.24
ZSARACOM, EQ, 14-Jul-2026,13168.5,13249.0,13249.0,12500.0,12749.5,12646.0,12737.72,74,9.43,66, 56, 75.68
ZTECH, SM, 14-Jul-2026,589.6,590.0,592.0,570.0,573.0,572.4,579.65,17700,102.6,52, 14700, 83.05
ZUARI, EQ, 14-Jul-2026,236.75,235.9,236.99,232.8,236.0,235.58,234.73,54637,128.25,1421, 23748, 43.47
ZUARIIND, EQ, 14-Jul-2026,268.95,266.05,271.35,264.4,268.65,267.35,268.58,42364,113.78,1416, 26075, 61.55
ZYDUSLIFE, EQ, 14-Jul-2026,1131.3,1127.2,1151.7,1126.6,1134.4,1133.6,1139.02,1125219,12816.45,29586, 575054, 51.11
ZYDUSWELL, EQ, 14-Jul-2026,592.65,592.0,592.0,574.75,578.0,575.9,581.16,178704,1038.55,8169, 88330, 49.43
